#type       avg     std     min      p5     p10     p50     p67     p75     p80     p85     p90     p95     p99    p999   p9999     QPS   target
read     1182.6  1451.8   148.8   245.3   274.5   474.7  1116.9  1187.3  1341.6  3029.3  3350.4  3824.5  4046.9 16830.6 30114.2  30027.8    30000
read     1080.1  1400.3   160.7   243.0   272.1   450.8  1072.3  1161.4  1241.7  2709.4  3158.5  3804.3  4068.6 16127.6 30232.7  34925.4    35000
read      993.4  1271.6   160.7   243.5   272.7   433.1  1028.2  1133.3  1199.8  2081.6  2977.4  3587.2  4068.1 12688.4 29536.6  39778.6    40000
read      952.4  1346.7   160.7   253.2   283.2   461.3   601.1  1034.0  1140.9  1256.6  2660.5  3927.8  5450.4 11813.1 29840.4  44925.2    45000
read      862.1  1251.5   160.7   254.3   283.6   454.8   575.1   727.8  1066.3  1182.7  1934.4  3540.1  5342.4  9939.3 30681.7  50121.8    50000
read      832.6  1173.4   160.7   255.5   286.6   461.5   570.7   672.9   858.0  1142.8  1347.2  3530.8  5369.8  7857.3 28755.7  54811.8    55000
read      809.7  1202.6   160.7   254.7   284.4   441.7   532.5   601.3   678.0  1082.8  1277.8  3806.7  5451.4  8441.5 28813.8  59999.6    60000
read     1231.7  1850.9   173.5   351.5   382.0   629.9   773.7   836.1   884.4  1006.6  4428.3  4935.0  7664.9 22972.6 36126.7  55181.8    65000
read     1223.3  1881.3   187.4   348.5   378.4   619.9   759.5   822.2   869.7   985.0  4386.4  4973.3  7719.7 25216.9 34928.3  55825.4    70000
read     1251.3  1923.4   173.5   355.2   386.2   631.7   784.3   848.7   902.4  1021.3  4430.7  4984.8  7708.9 25226.6 37619.3  54797.0    75000
read     1273.7  1866.0   173.5   366.8   399.0   644.4   810.7   878.2   933.0  1213.0  4469.4  4957.6  7614.8 24063.6 36093.3  53544.4    80000
read     1132.5  1802.2   173.5   315.1   342.3   587.1   677.0   725.2   765.7   845.9  4229.1  4776.3  7434.3 20448.9 36386.0  60204.0    85000
read     1253.6  1871.5   187.4   354.9   386.7   605.5   772.7   856.9   937.7  1175.3  4465.1  4924.7  7589.1 22959.2 36061.7  54683.6    90000
read     1256.6  1886.6   173.5   360.4   392.1   616.2   786.9   859.8   920.1  1094.3  4464.9  4938.5  7701.9 24496.1 36769.7  54531.0    95000
read     1232.0  1888.9   173.5   352.9   383.3   618.4   768.0   833.9   886.0  1002.2  4425.3  4947.3  7627.7 24656.3 36554.8  55529.2   100000
read     1270.7  1860.0   187.4   360.6   395.7   618.0   787.9   885.7   972.7  1213.1  4476.9  4966.0  7677.0 22229.8 36645.0  53461.4   105000
read     1229.2  1843.4   160.7   348.2   377.4   608.6   753.4   830.6   904.1  1074.5  4445.3  4926.9  7671.3 20886.0 35307.1  55552.8   110000
Warning! Detected max cpu usage > 95%
CPU Usage Stats (avg/min/max): 89.95%,63.32%,100.00%