#type       avg     std     min      p5     p10     p50     p67     p75     p80     p85     p90     p95     p99    p999   p9999     QPS   target
read     1240.0  1545.1   148.8   244.9   273.4   466.3  1142.7  1234.4  2606.7  3136.9  3481.9  3887.7  4058.5 19382.8 30843.6  29903.6    30000
read     1057.4  1373.4   160.7   243.1   271.9   451.0  1071.5  1156.1  1226.8  2480.9  3090.2  3604.2  4046.7 16169.1 30001.8  34842.0    35000
read      995.9  1291.8   160.7   245.6   275.1   447.3  1022.4  1133.8  1202.4  1805.3  2931.7  3655.5  5029.6 15097.4 28491.1  39839.8    40000
read      963.4  1399.8   160.7   253.0   283.1   460.0   597.3  1024.1  1143.2  1256.9  2673.6  4024.6  5440.7 14695.2 30246.7  45125.5    45000
read      865.1  1240.2   160.7   249.6   278.2   440.5   555.3   700.1  1089.2  1194.9  2107.5  3664.8  5356.9 11247.7 29955.2  50006.0    50000
read      817.0  1192.0   160.7   251.2   281.3   441.4   539.8   633.2   857.0  1148.9  1332.1  3442.9  5376.8  9196.4 29880.5  54943.2    55000
read     1261.6  1917.7   173.5   356.4   389.2   633.4   781.6   855.5   922.3  1117.6  4446.4  4974.6  7696.7 25858.2 36420.3  53919.8    60000
read     1171.2  1815.3   173.5   328.8   357.2   605.8   717.2   770.5   810.9   898.1  4273.2  4929.3  7629.6 19325.6 36536.6  57907.6    65000
read     1259.5  1855.8   187.4   360.3   392.2   636.1   794.6   862.1   919.7  1099.1  4459.6  4959.0  7622.2 22243.6 34080.0  54041.2    70000
read     1224.1  1829.5   173.5   349.0   378.9   628.2   766.0   827.1   872.3   996.4  4422.2  4937.3  7611.4 20642.3 34052.6  55678.2    75000
read     1220.1  1894.6   173.5   348.9   377.9   614.6   759.4   820.8   867.4   975.9  4377.1  4962.2  7701.4 24428.9 36355.6  56250.0    80000
read     1202.0  1844.4   173.5   339.8   368.1   616.5   744.0   800.1   847.9   939.5  4390.2  4921.2  7684.0 20577.4 36703.0  56721.2    85000
read     1298.3  1921.8   187.4   370.6   402.6   648.9   816.2   887.9   948.7  3239.0  4486.3  4985.3  7685.7 25643.6 36722.4  52734.4    90000
read     1222.2  1833.0   173.5   349.2   377.7   622.5   766.2   827.0   872.6   994.7  4406.4  4951.6  7712.0 20876.4 34712.9  55717.8    95000
read     1189.8  1822.9   173.5   335.9   364.0   609.0   733.8   790.8   839.3   937.5  4358.1  4892.8  7678.3 20178.7 36205.9  57398.8   100000
read     1229.2  1805.8   187.4   351.3   381.5   621.9   767.7   833.3   887.1  1043.8  4418.6  4926.0  7573.6 18337.8 35597.4  55292.0   105000
read     1225.1  1828.3   173.5   348.8   379.7   617.6   759.8   825.5   880.6  1013.0  4415.2  4945.8  7669.2 20141.2 32651.6  55608.4   110000
Warning! Detected max cpu usage > 95%
CPU Usage Stats (avg/min/max): 90.04%,56.28%,100.00%