#type       avg     std     min      p5     p10     p50     p67     p75     p80     p85     p90     p95     p99    p999   p9999     QPS   target
read     1180.5  1484.0   160.7   243.8   272.0   461.5  1120.8  1194.1  1298.9  3005.7  3368.4  3819.2  4046.0 18191.8 31415.5  29965.2    30000
read     1064.7  1396.4   148.8   243.7   273.8   446.8  1066.5  1151.2  1222.4  2548.9  3114.1  3671.1  4055.8 17945.3 30905.2  34881.2    35000
read      976.9  1294.8   148.8   247.9   277.8   464.9   949.2  1101.5  1172.5  1292.2  2843.2  3477.3  5240.6 13932.0 28912.8  39856.2    40000
read      949.7  1349.3   160.7   246.4   275.8   446.1   583.9  1027.7  1134.8  1245.7  2745.7  4003.8  5470.2 10807.2 29905.6  44816.0    45000
read      844.5  1193.5   160.7   252.8   282.8   451.2   577.5   774.6  1076.6  1178.9  1824.5  3122.7  5279.7 12727.6 29072.5  50170.8    50000
read      837.9  1238.7   160.7   255.8   285.6   455.5   559.8   651.2   787.6  1128.6  1327.6  3777.8  5413.2  9543.0 29853.9  55022.2    55000
read     1177.2  1882.1   173.5   322.5   352.3   591.1   697.9   760.5   827.5  1004.0  4333.3  4909.6  7683.9 24861.9 37081.7  57204.8    60000
read     1183.9  1797.0   173.5   333.2   362.4   613.0   731.4   787.9   836.0   935.4  4330.6  4891.3  7239.4 19937.0 35487.0  57323.6    65000
read     1226.4  1886.4   160.7   348.8   378.2   621.8   761.6   824.0   870.5  1000.2  4422.3  4928.9  7659.7 25061.6 36501.2  55834.0    70000
read     1225.4  1861.5   173.5   350.1   380.2   619.5   764.6   829.3   877.4  1004.3  4417.2  4926.2  7605.2 23563.4 36664.3  55768.2    75000
read     1221.0  1882.9   173.5   344.6   374.3   623.8   750.9   810.0   862.6   984.0  4396.3  4927.7  7599.4 24925.2 36874.0  56192.2    80000
read     1150.2  1755.1   173.5   325.8   353.3   597.5   703.6   753.9   797.5   879.4  4316.6  4821.9  6820.6 17883.2 35492.7  58957.0    85000
read     1166.2  1814.9   187.4   330.8   358.9   598.4   713.3   770.0   815.1   909.6  4297.7  4869.0  7583.8 20970.8 32502.7  58357.0    90000
read     1173.2  1791.7   173.5   332.2   361.1   605.6   724.8   781.3   827.0   923.5  4343.8  4826.5  7137.9 20222.2 36093.0  58045.2    95000
read     1277.2  1964.0   173.5   363.6   395.0   633.5   797.4   866.6   928.7  1103.5  4465.2  4990.3  7727.6 27111.4 38263.2  53845.2   100000
read     1195.7  1884.5   173.5   337.9   365.3   606.2   736.3   794.1   843.3   941.8  4357.4  4908.5  7719.5 25215.9 36586.7  57289.4   105000
read     1192.6  1841.3   187.4   339.4   368.8   608.9   736.2   794.4   842.8   933.3  4352.7  4906.5  7686.9 22068.6 36367.4  57314.2   110000
Warning! Detected max cpu usage > 95%
CPU Usage Stats (avg/min/max): 89.74%,52.74%,100.00%