#type       avg     std     min      p5     p10     p50     p67     p75     p80     p85     p90     p95     p99    p999   p9999     QPS   target
read      429.5   536.4   160.7   204.4   220.5   376.1   463.5   513.8   550.4   591.0   634.3   690.4  1109.5  5331.2 30895.0  30172.4    30000
read      414.2   425.0   148.8   204.1   219.7   367.1   447.6   496.1   532.8   575.1   623.1   683.3   846.9  4927.5 15665.9  35025.4    35000
read      425.7   482.8   148.8   203.9   218.6   371.5   451.0   499.1   537.9   582.6   635.5   708.1   993.4  6068.2 16954.7  39896.6    40000
read      406.9   360.3   160.7   203.9   218.1   363.7   436.3   481.9   519.1   566.4   623.8   693.2   862.5  4354.5 10096.4  44886.2    45000
read      412.0   365.9   160.7   204.1   219.0   370.5   444.8   488.2   522.9   567.9   623.4   692.0   857.0  4812.9  9267.8  49778.0    50000
read      405.4   453.4   148.8   202.6   216.6   355.7   427.8   470.5   505.4   550.7   614.8   694.3   892.0  5356.1 19176.6  54951.2    55000
read      410.5   401.7   160.7   203.2   218.6   368.0   444.6   487.1   519.0   560.2   617.0   694.4   915.4  5176.3 12276.0  60024.6    60000
read      426.8   478.0   148.8   205.8   222.1   377.4   454.8   497.5   530.0   570.8   626.8   715.3  1013.6  5517.4 19383.2  64931.4    65000
read      402.4   501.8   148.8   203.4   219.3   365.6   443.1   484.5   513.3   548.1   596.1   673.9   830.4  4633.0 12535.7  69972.8    70000
read      418.4   432.2   148.8   206.3   223.6   374.3   451.0   493.6   524.5   561.5   611.9   691.3   915.9  5509.7 12607.7  75153.2    75000
read      401.8   334.8   160.7   205.7   222.3   366.7   440.2   480.7   509.2   545.6   591.9   669.6   836.6  4270.5 13380.8  79900.4    80000
read      388.4   356.1   148.8   203.5   218.6   351.1   418.2   456.4   484.7   520.5   568.5   646.3   813.5  5216.2 13087.5  85008.2    85000
read      407.1   392.2   148.8   208.7   226.3   366.6   432.9   471.5   502.4   539.8   588.9   670.8   871.2  5560.1 12635.4  90103.6    90000
read      421.1   321.5   148.8   214.9   235.4   385.4   454.8   495.0   526.0   564.8   617.7   711.5   945.7  4095.8 11634.0  94935.5    95000
read      553.4   504.3   160.7   255.5   299.8   486.4   583.0   664.4   722.6   787.5   860.5   944.2  1092.0  5753.4 23404.0  99403.4   100000
read      534.8   348.1   160.7   264.2   303.1   488.5   586.6   648.4   691.1   739.4   803.8   914.8  1082.9  4088.3 12927.5 103796.4   105000
read      529.6   374.7   160.7   269.4   305.0   484.2   573.5   628.7   668.3   715.2   780.8   893.3  1058.2  5152.5 13891.0 107461.1   110000
Warning! Detected max cpu usage > 95%
CPU Usage Stats (avg/min/max): 90.05%,51.76%,100.00%