#type       avg     std     min      p5     p10     p50     p67     p75     p80     p85     p90     p95     p99    p999   p9999     QPS   target
read      433.8   626.9   160.7   205.5   221.5   371.9   457.9   507.6   543.8   584.1   630.5   692.1  1053.3  5511.5 30819.3  29907.6    30000
read      423.0   408.5   160.7   204.0   219.4   377.6   458.1   506.8   544.9   587.7   635.2   693.8   912.8  5051.3 13176.8  34969.0    35000
read      421.5   427.4   148.8   203.6   218.4   370.8   450.2   497.2   534.0   578.6   630.9   696.5   951.9  5929.6 11967.1  39966.2    40000
read      422.2   495.3   148.8   206.3   222.6   377.4   454.5   499.6   535.6   580.2   634.1   701.7   862.3  5206.7 29402.7  45024.8    45000
read      424.1   452.9   148.8   205.8   222.0   383.7   460.9   503.2   537.2   580.8   635.7   706.4   860.3  5343.2 18239.0  50101.6    50000
read      413.5   429.2   160.7   205.8   221.0   373.1   448.6   490.9   524.4   567.9   625.4   706.2   907.2  4519.2 13877.3  55111.2    55000
read      414.8   401.8   148.8   203.7   219.2   373.2   452.1   493.8   524.8   564.2   619.2   694.4   898.5  5063.2 12359.1  59818.8    60000
read      416.0   420.1   160.7   204.5   220.5   367.1   443.5   486.6   518.1   556.9   611.1   694.6  1002.9  5274.8 12091.5  64892.4    65000
read      386.6   369.3   148.8   200.9   214.5   345.5   412.6   452.5   483.4   523.4   579.5   664.8   841.7  4346.4  8721.2  69909.4    70000
read      415.2   384.6   160.7   206.6   224.3   377.8   456.6   498.5   528.2   563.2   611.1   687.6   897.3  4902.7 12162.1  75028.6    75000
read      400.5   310.5   160.7   205.2   221.5   364.9   439.0   480.2   509.4   544.6   591.0   666.5   828.3  4315.5  8654.2  79760.7    80000
read      451.2   450.8   160.7   214.6   236.4   406.4   484.6   527.0   558.7   600.1   664.0   781.0  1058.1  5951.1 19355.2  85025.4    85000
read      506.0   498.1   160.7   219.3   243.6   430.6   524.7   591.4   646.0   702.4   766.1   911.2  1500.2  5472.7 19920.2  87791.2    90000
read      385.4   370.8   148.8   205.1   221.0   349.0   408.5   445.8   474.1   510.4   560.1   633.3   817.6  4389.0 12378.5  94986.6    95000
read      437.3   346.9   160.7   225.0   249.8   400.0   472.6   517.2   548.9   587.6   637.2   718.9   888.6  4415.5 11784.9  99966.8   100000
read      534.6   388.0   160.7   280.5   314.7   492.6   601.3   652.0   685.4   722.1   764.5   825.7   952.6  5688.1 13439.6 104818.6   105000
read      623.1   410.4   160.7   351.7   380.1   562.1   734.0   781.9   810.7   843.3   877.6   932.3  1073.2  5724.0 12591.7 103101.6   110000
Warning! Detected max cpu usage > 95%
CPU Usage Stats (avg/min/max): 89.92%,67.16%,100.00%