#type       avg     std     min      p5     p10     p50     p67     p75     p80     p85     p90     p95     p99    p999   p9999     QPS   target
read      415.6   443.1   160.7   204.0   219.1   361.5   449.4   499.9   535.7   574.7   617.3   673.0   856.8  5441.8 16924.8  29965.6    30000
read      423.7   583.2   148.8   203.0   217.7   362.8   443.8   495.1   533.7   577.7   627.3   688.9  1079.5  5802.5 31162.8  35036.8    35000
read      404.4   439.7   148.8   202.1   215.6   354.9   428.9   476.4   514.9   561.8   613.8   677.3   817.9  5226.4 14820.3  39947.2    40000
read      429.4   489.1   160.7   204.3   220.1   382.1   457.8   499.9   534.9   578.9   631.8   700.3   910.2  6537.7 18802.3  44748.0    45000
read      421.3   454.7   160.7   204.6   220.4   376.6   451.5   494.5   529.1   573.9   629.9   704.1   899.5  6064.8 12463.9  49778.6    50000
read      407.5   406.4   160.7   204.4   219.2   366.0   439.7   481.4   513.1   556.2   614.1   689.2   846.4  4577.8 10658.5  55055.9    55000
read      406.4   453.5   160.7   203.8   218.5   361.0   433.7   475.1   507.2   548.1   605.3   684.2   863.9  5585.1 18971.1  60037.0    60000
read      395.6   452.7   148.8   201.3   215.3   350.9   420.5   461.0   492.6   533.2   589.2   670.2   827.8  5388.9 17443.2  64790.4    65000
read      419.7   432.4   148.8   205.1   221.6   374.2   454.6   496.8   527.3   564.3   615.7   697.6   956.7  5132.3 14641.1  70078.2    70000
read      398.8   398.6   160.7   204.0   219.0   356.9   427.8   468.9   500.0   538.1   588.5   673.2   873.9  5672.4 12090.8  74972.2    75000
read      418.5   389.7   160.7   206.7   225.0   380.0   456.7   498.0   528.1   564.2   612.8   691.8   918.4  5244.0 12393.3  79831.2    80000
read      396.9   382.3   148.8   204.9   221.4   359.5   426.8   466.2   496.3   532.7   581.1   658.3   832.8  4508.2  9968.7  84982.6    85000
read      391.1   375.1   160.7   205.4   222.0   355.1   419.2   457.0   485.4   519.8   565.7   637.2   802.9  4762.1 14501.1  90042.8    90000
read      414.7   371.1   148.8   212.1   231.2   373.6   441.3   481.8   513.1   551.6   604.0   688.1   883.8  5516.6 12042.6  95033.2    95000
read      553.4   414.5   148.8   270.4   311.4   498.7   603.6   671.2   717.4   769.2   832.9   926.9  1096.1  4907.6 14773.8  99131.2   100000
read      466.0   343.9   148.8   230.9   260.0   420.3   495.6   543.9   582.9   631.5   697.7   811.0  1000.2  4770.8 10826.4 105027.5   105000
read      597.4   366.9   173.5   333.3   360.0   583.7   708.1   747.1   774.3   801.7   838.7   885.9  1001.6  4641.4 12468.7 105346.2   110000
Warning! Detected max cpu usage > 95%
CPU Usage Stats (avg/min/max): 89.88%,65.50%,100.00%