#type       avg     std     min      p5     p10     p50     p67     p75     p80     p85     p90     p95     p99    p999   p9999     QPS   target
read     1070.1  1459.6   160.7   244.0   274.7   470.9   817.4   892.1   970.0  2921.8  3287.2  3620.0  4047.1 19119.3 31645.0  30029.2    30000
read     1020.5  1443.3   160.7   245.8   276.7   457.3   794.3   875.9   941.6  2711.7  3145.3  3682.9  4052.8 19475.1 31048.5  35025.4    35000
read      965.6  1343.7   160.7   249.7   279.5   465.7   725.2   839.4   913.1  1915.9  3026.9  3810.9  5075.4 14926.4 29855.1  39924.2    40000
read      882.9  1262.1   160.7   248.4   278.5   449.8   599.0   775.0   855.9   955.2  2564.5  3681.2  5265.7 10610.7 29695.3  44891.6    45000
read      827.0  1199.9   148.8   251.5   281.3   448.0   573.9   711.9   796.6   895.8  2232.3  3483.6  5095.4  8151.7 30828.8  49926.3    50000
read     1161.4  1798.7   160.7   311.9   355.7   575.7   734.2   839.9   932.1  1063.8  4168.9  4898.0  7355.2 23221.7 36015.6  53037.0    55000
read     1220.1  1852.7   187.4   344.7   375.9   629.4   756.5   816.7   866.7   992.6  4390.4  4900.7  7551.7 24501.0 35522.6  55485.6    60000
read     1210.1  1840.8   173.5   340.2   370.6   623.0   743.7   801.3   852.7   962.3  4409.1  4880.0  7496.4 20758.6 35953.6  56455.0    65000
read     1253.5  1876.3   173.5   357.8   388.9   632.5   787.0   852.2   907.8  1063.6  4437.2  4923.3  7603.6 24298.3 36837.5  54678.2    70000
read     1169.9  1819.1   160.7   327.7   356.5   603.2   712.4   766.8   810.4   913.5  4307.1  4835.5  7579.7 21551.6 35774.7  58153.2    75000
read     1289.6  1892.4   187.4   373.0   405.2   642.5   819.8   892.4   947.5  2608.6  4471.8  4984.8  7696.0 23639.2 36387.1  53154.0    80000
read     1206.7  1858.1   173.5   338.5   368.6   624.2   738.8   796.3   846.8   944.2  4376.0  4897.2  7630.9 24014.8 36405.3  56689.4    85000
read     1226.4  1865.1   187.4   344.2   375.6   621.7   750.7   817.2   872.5  1034.4  4392.8  4978.9  7712.3 21645.6 37049.2  55678.0    90000
read     1239.1  1881.6   173.5   350.2   380.3   623.0   766.4   834.8   892.5  1059.2  4430.0  4954.4  7595.0 24702.5 35868.7  55202.4    95000
read     1213.4  1851.0   173.5   344.7   374.9   623.7   751.1   808.9   860.0   974.1  4390.8  4921.5  7624.7 21936.1 36866.8  56267.4   100000
read     1251.0  1830.3   173.5   354.3   385.8   609.2   770.5   860.6   939.6  1167.0  4474.8  4921.8  7611.6 20091.1 34225.4  54385.6   105000
read     1202.8  1853.2   173.5   341.1   370.9   612.8   745.1   803.6   853.6   943.2  4382.8  4896.8  7685.8 22054.7 36350.1  56737.8   110000
Warning! Detected max cpu usage > 95%
CPU Usage Stats (avg/min/max): 90.05%,56.28%,100.00%