#type       avg     std     min      p5     p10     p50     p67     p75     p80     p85     p90     p95     p99    p999   p9999     QPS   target
read     1129.0  1478.5   148.8   249.1   279.3   502.7  1003.1  1081.2  1171.3  2869.4  3267.5  3743.1  4044.2 19874.8 29979.5  30008.4    30000
read     1058.4  1449.6   148.8   244.8   274.8   453.4   974.5  1057.4  1127.2  2772.9  3121.6  3737.1  4055.5 19548.0 32001.5  34943.4    35000
read      966.6  1309.3   160.7   242.8   272.0   446.0   896.4  1016.0  1082.8  1322.1  2902.3  3525.3  5032.1 12825.8 30991.6  39990.2    40000
read      915.9  1301.5   160.7   248.7   278.2   448.6   593.9   958.3  1045.3  1149.1  2585.1  3629.4  5279.5 15127.1 29136.6  45054.0    45000
read      836.9  1170.2   160.7   252.7   283.6   459.8   584.6   792.1   979.7  1087.2  1840.2  3144.6  5155.3  9401.5 29634.1  49880.4    50000
read      836.6  1200.0   160.7   255.5   285.8   452.0   553.3   651.0   844.7  1051.8  1311.2  3808.0  5316.1  7874.6 28481.3  54900.0    55000
read     1219.6  1868.0   173.5   347.5   378.2   616.0   753.5   819.0   870.8   997.9  4368.8  4954.8  7603.4 23637.7 36502.2  55558.4    60000
read     1248.1  1910.6   173.5   353.0   384.0   636.8   778.2   842.1   894.8  1026.1  4439.1  4941.7  7653.4 26097.6 36541.9  54795.0    65000
read     1155.5  1710.9   173.5   326.7   355.0   596.3   704.0   760.6   808.6   934.2  4297.0  4840.0  6666.9 13849.0 32449.3  58355.0    70000
read     1221.3  1850.5   187.4   348.2   378.4   619.2   759.6   824.3   874.2   998.7  4401.6  4942.8  7721.0 22281.5 36725.4  55853.6    75000
read     1166.3  1814.3   173.5   325.9   354.5   600.2   706.3   760.1   804.7   903.5  4283.0  4851.4  7588.9 20778.3 36356.4  58359.4    80000
read     1249.9  1892.5   173.5   354.3   384.8   613.8   772.2   848.1   917.0  1096.3  4445.7  4959.5  7742.0 24047.2 35922.8  54661.0    85000
read     1237.2  1904.4   173.5   350.5   381.0   631.7   768.1   830.0   878.1  1000.9  4423.4  4956.5  7716.5 24537.1 37835.0  55297.2    90000
read     1192.4  1836.3   173.5   337.1   366.1   606.7   733.2   792.8   845.4   965.8  4356.2  4896.9  7635.4 20060.9 36523.5  57147.8    95000
read     1214.0  1813.7   173.5   344.7   375.3   616.7   751.0   814.9   868.0  1017.1  4410.2  4912.9  7666.8 19414.9 36352.6  56068.2   100000
read     1163.2  1922.7   173.5   322.2   350.0   595.5   692.7   742.8   789.1   871.5  4269.0  4853.3  7516.9 22837.0 39196.5  58864.6   105000
read     1169.3  1796.5   160.7   328.0   356.3   606.7   712.4   764.4   807.0   905.5  4298.9  4859.1  7539.0 19594.6 35543.8  58135.6   110000
Warning! Detected max cpu usage > 95%
CPU Usage Stats (avg/min/max): 90.00%,50.50%,100.00%