#type       avg     std     min      p5     p10     p50     p67     p75     p80     p85     p90     p95     p99    p999   p9999     QPS   target
read     1161.2  1457.1   160.7   247.0   276.9   490.2  1070.6  1152.3  1257.9  2941.8  3329.2  3800.5  4044.1 19285.9 29805.3  29997.4    30000
read     1069.7  1407.7   160.7   245.8   275.6   449.4  1039.2  1123.8  1185.9  2749.8  3127.7  3744.0  4050.9 18947.8 29722.1  35025.4    35000
read      994.6  1299.1   160.7   242.0   270.3   422.7  1000.6  1106.1  1171.9  2222.2  2987.7  3594.6  4054.4 14107.7 29876.4  39915.8    40000
read      916.7  1247.5   160.7   255.4   285.8   467.8   616.5  1016.2  1114.9  1228.5  2383.6  3523.2  5334.0 11982.0 28296.0  45047.0    45000
read      860.6  1322.1   160.7   254.5   283.7   455.1   574.1   722.8  1043.6  1156.6  1944.8  3562.1  5312.0 10836.7 30797.8  50065.2    50000
read      850.3  1254.5   160.7   258.9   290.0   460.0   568.6   670.6   925.9  1123.8  1446.8  3791.8  5363.2  9176.5 29609.0  55073.6    55000
read     1228.6  1918.3   173.5   347.6   377.9   624.3   763.2   831.7   895.1  1066.0  4418.0  4945.5  7650.7 20372.7 35276.8  54713.6    60000
read     1129.3  1764.5   173.5   317.5   345.1   589.0   684.5   734.1   776.1   853.4  4166.0  4821.8  7556.8 18814.3 35351.4  59595.0    65000
read     1268.6  1926.0   187.4   359.6   391.4   641.3   795.4   862.1   919.7  1091.8  4450.2  4970.7  7750.9 25065.0 37425.8  53989.6    70000
read     1226.8  1822.3   187.4   341.5   373.3   609.8   742.4   824.3   903.9  1083.4  4418.0  4922.0  7609.3 19483.1 35744.2  55401.6    75000
read     1185.4  1845.7   173.5   332.7   361.4   612.2   727.2   782.9   828.9   923.0  4326.6  4878.3  7602.0 22967.1 36572.2  57627.3    80000
read     1173.6  1847.2   173.5   325.4   353.9   606.5   708.5   760.8   805.8   920.9  4283.3  4874.7  7616.3 24125.2 36160.2  58130.2    85000
read     1226.9  1864.7   173.5   346.1   376.4   630.6   757.0   819.3   869.0  1000.4  4377.5  4937.9  7687.9 22893.4 37041.3  55745.6    90000
read     1217.8  1797.5   173.5   349.3   378.6   623.4   762.3   823.2   870.8  1001.4  4403.7  4891.1  7354.6 21241.0 32283.6  55982.0    95000
read     1243.0  1872.2   160.7   349.5   381.0   628.7   765.7   837.6   904.1  1096.8  4445.5  4924.3  7608.5 20375.4 37818.3  54923.2   100000
read     1251.2  1913.6   173.5   355.0   385.8   631.6   784.6   850.6   905.5  1041.3  4411.1  4957.0  7708.9 25308.7 38759.8  54773.8   105000
read     1213.8  1858.0   173.5   342.7   372.3   615.7   746.3   806.3   859.9   997.1  4409.1  4910.7  7615.5 20083.7 34284.9  56225.6   110000
Warning! Detected max cpu usage > 95%
CPU Usage Stats (avg/min/max): 90.20%,58.00%,100.00%