Random waveform, supplied seed
Total number of intervals = 120 (7434, 67201, 85927, 63953, 31595, 87879, 7287, 62295, 6561, 22532, 60653, 59076, 60154, 22964, 8172, 27652, 37594, 24367, 33771, 84944, 85666, 51918, 34406, 28664, 38289, 20658, 13840, 93419, 98284, 71313, 42089, 46458, 30755, 42889, 93552, 65694, 29574, 51355, 67361, 16287, 81508, 87619, 99068, 51267, 11822, 97494, 97350, 55460, 85984, 82043, 52873, 13911, 49984, 9274, 27187, 18735, 86505, 93039, 75999, 32324, 84255, 81759, 37291, 53818, 30297, 31569, 38927, 10652, 98119, 48176, 34929, 69735, 20753, 84642, 42333, 61587, 77998, 97625, 23781, 66723, 31016, 47394, 95335, 5252, 65908, 16889, 42912, 99898, 26385, 22616, 50605, 90283, 26273, 48521, 34058, 75648, 19482, 15054, 75754, 5187, 17656, 96343, 36665, 85269, 31525, 61798, 12253, 25710, 79937, 7271, 85861, 91467, 72217, 31080, 76878, 84584, 12492, 57106, 96245, 6791)
Average QPS expected = 51270
Timestamp start: 1684507117941
Timestamp end: 1684508318443

#type       avg     std     min      p5     p10     p50     p67     p75     p80     p85     p90     p95     p99    p999   p9999      QPS   target
read      486.2   918.5   173.5   248.3   273.0   411.0   464.2   492.4   511.1   536.8   572.2   641.1  2184.9 14632.9 31941.7   7351.9     7434
read      426.4   373.0   160.7   209.0   222.8   340.2   432.0   495.8   549.4   621.3   717.2   883.0  1394.7  3870.1 13237.4  67106.8    67201
read      428.2   394.2   160.7   221.1   236.5   352.3   417.9   460.7   496.7   543.5   614.5   781.0  1752.8  3254.0 13123.1  85982.9    85927
read      428.5   423.1   160.7   212.8   226.6   334.0   420.5   484.7   535.6   599.5   694.7   903.6  1563.3  4438.7 15163.3  63776.6    63953
read      449.8   443.3   160.7   213.7   228.6   380.8   486.2   547.9   597.0   654.3   722.9   814.2  1108.8  5680.0 13788.0  31676.7    31595
read      365.9   349.8   160.7   211.1   223.9   305.2   354.0   387.3   415.4   456.3   516.8   622.6  1550.2  3640.3 12049.2  87854.0    87879
read      480.6   824.0   173.5   248.0   273.8   414.7   468.6   498.7   519.9   543.7   579.0   637.6  2284.8  9582.2 31818.7   7271.5     7287
read      413.3   368.9   160.7   211.6   225.1   327.9   414.2   477.7   528.3   588.8   673.5   845.3  1353.1  3690.9 12312.1  62357.7    62295
read      498.7  1076.9   173.5   252.6   280.0   411.1   462.3   490.7   509.6   534.7   568.4   634.4  2412.8 15516.4 37210.2   6550.2     6561
read      489.1   724.7   160.7   218.0   234.2   409.4   522.9   591.6   635.9   683.6   739.8   828.1  1221.3  9854.6 36264.9  22516.2    22532
read      458.9   420.5   160.7   214.5   228.9   358.6   463.2   534.8   595.0   676.8   791.9   996.2  1561.0  4301.8 12984.3  60873.3    60653
read      456.1   453.3   160.7   213.8   228.3   360.3   464.4   533.9   591.8   668.2   773.0   945.9  1492.8  5421.1 17215.4  59095.2    59076
read      455.1   445.9   160.7   212.8   227.1   356.7   462.2   535.4   595.5   672.7   777.3   953.7  1473.6  5110.7 13476.3  60118.4    60154
read      465.4   486.4   160.7   217.6   233.8   400.5   517.4   583.4   625.1   668.2   717.6   789.9  1046.9  5903.9 23973.4  22894.7    22964
read      490.5   931.2   173.5   243.1   268.0   422.2   479.9   509.6   530.7   552.6   586.8   642.1  2286.7 10143.3 32021.0   8146.7     8172
read      474.5   636.3   160.7   214.2   230.2   392.1   501.1   571.2   622.7   675.6   735.3   821.5  1237.0  8673.5 29969.0  27720.1    27652
read      458.0   435.2   160.7   213.9   229.3   384.8   489.0   557.1   612.6   675.2   747.0   849.2  1181.3  5682.1 13403.0  37642.6    37594
read      476.8   620.4   160.7   215.7   231.4   397.6   510.8   580.6   626.2   673.3   728.3   807.0  1224.3  6965.8 30921.0  24298.9    24367
read      473.3   596.6   160.7   214.3   230.0   388.5   493.6   563.9   618.6   679.2   747.3   850.1  1280.5  7483.5 28433.7  33813.2    33771
read      402.2   409.9   160.7   211.7   225.1   313.6   371.9   418.9   461.5   520.8   612.3   894.3  1653.5  3833.8 16513.4  84955.5    84944
read      367.7   317.6   160.7   210.0   222.8   304.9   359.0   397.7   432.1   480.3   547.7   675.0  1283.3  3054.6 12371.6  85669.9    85666
read      445.5   526.9   160.7   211.8   225.6   348.5   452.8   520.1   572.1   635.7   728.6   891.8  1443.4  6463.5 22178.1  51879.5    51918
read      481.0   562.9   160.7   216.1   231.1   393.6   502.3   575.0   634.9   704.4   786.0   913.9  1346.1  7785.6 28850.9  34367.1    34406
read      477.2   624.2   160.7   213.8   229.3   390.7   500.3   572.7   626.9   682.5   747.0   846.0  1281.7  8710.1 29106.6  28684.8    28664
read      471.3   590.3   160.7   214.0   229.3   385.7   489.1   557.2   614.5   681.9   761.4   877.3  1309.5  7996.4 29045.6  38273.3    38289
read      462.8   582.9   160.7   215.2   231.3   398.3   510.2   569.7   608.5   646.2   690.1   759.8  1051.9  8189.6 29501.6  20674.5    20658
read      492.3   812.0   160.7   226.6   245.8   428.5   519.9   563.7   593.0   626.1   667.5   736.3  1357.7 10778.9 31840.9  13807.3    13840
read      390.7   478.3   160.7   212.1   225.2   313.8   364.9   397.3   425.4   463.8   522.7   654.7  1718.2  5705.8 15728.5  93428.5    93419
read      330.0   202.6   160.7   209.7   222.2   297.8   342.5   370.9   394.0   423.9   465.6   535.7   695.8  2062.9  7879.2  98349.4    98284
read      405.9   429.2   160.7   210.8   224.1   317.3   388.5   444.6   492.6   550.9   636.6   849.6  1516.8  5274.6 12626.7  71274.3    71313
read      466.3   527.0   160.7   214.3   229.1   373.0   481.0   548.9   604.0   669.1   758.2   914.1  1460.7  7690.1 20465.4  42040.0    42089
read      473.2   512.6   160.7   213.8   228.7   377.4   486.1   556.8   615.8   689.2   788.3   954.1  1487.5  7087.3 14288.0  46481.4    46458
read      488.1   617.6   160.7   217.0   232.7   399.0   512.1   587.2   643.3   707.0   781.8   895.4  1310.5  7374.5 30975.6  30854.7    30755
read      483.6   531.9   160.7   215.8   230.8   384.5   499.9   577.3   639.7   718.8   818.4   991.9  1503.8  6421.9 24933.1  42852.5    42889
read      372.6   353.9   160.7   212.0   224.9   308.0   354.8   386.7   413.5   452.1   510.0   634.9  1600.8  3489.2  9917.6  93550.2    93552
read      402.6   418.2   160.7   212.2   225.4   319.5   392.5   449.0   496.6   553.3   629.4   789.9  1392.1  4560.6 14136.3  65812.5    65694
read      465.9   497.9   160.7   215.3   230.6   389.2   497.8   564.8   618.3   676.1   745.4   849.7  1242.7  7076.6 18219.9  29617.0    29574
read      468.0   470.9   160.7   212.1   226.6   362.2   472.9   546.7   608.6   689.4   806.4  1011.2  1587.1  5128.1 15990.2  51323.0    51355
read      415.2   369.0   160.7   211.3   224.8   325.0   406.0   469.4   521.8   584.6   679.0   883.1  1460.2  3611.6 11461.0  67309.2    67361
read      463.5   720.4   160.7   219.0   235.3   400.5   498.7   546.3   579.8   614.2   652.1   714.4  1011.5  8949.3 31743.7  16366.8    16287
read      385.7   323.8   160.7   211.1   224.2   311.3   368.5   410.8   450.2   504.0   581.2   771.4  1551.6  3099.2  9941.9  81506.1    81508
read      364.9   304.2   160.7   210.6   223.4   305.0   355.0   389.0   418.2   460.3   523.0   633.4  1534.6  3013.9  8325.0  87572.8    87619
read      331.4   262.9   160.7   210.5   223.0   298.5   342.3   370.0   392.6   421.8   463.4   532.6   686.9  2422.7 10342.5  99236.5    99068
read      433.3   404.1   160.7   211.2   225.4   347.8   451.0   516.2   565.4   627.5   717.0   871.8  1336.1  4147.6 12765.2  51249.9    51267
read      495.6   959.8   160.7   228.3   248.7   422.8   502.4   541.0   568.9   600.1   637.7   702.0  1884.6 10948.9 32231.9  11824.5    11822
read      410.0   385.6   160.7   215.8   229.2   327.1   379.8   415.8   448.3   494.3   565.8   943.3  1720.9  2924.9 10597.4  97365.8    97494
read      331.7   232.7   160.7   210.1   222.5   298.0   342.8   371.4   394.9   425.3   467.8   537.7   699.7  2487.7  9891.2  97242.0    97350
read      452.5   564.6   160.7   211.5   225.5   343.9   445.8   515.2   572.1   643.9   754.5   973.2  1566.5  6774.7 24825.4  55519.4    55460
read      355.3   314.0   160.7   209.9   222.6   301.6   350.4   384.5   414.0   456.0   514.8   611.8  1289.2  3009.9 12056.8  85914.1    85984
read      369.2   330.3   160.7   209.4   222.3   305.2   360.6   401.1   437.4   488.4   556.4   689.2  1267.2  2995.5 12340.7  82032.6    82043
read      459.1   634.8   160.7   211.4   225.6   348.0   451.2   519.2   573.2   642.0   746.6   947.3  1565.5  9079.3 30755.1  52857.0    52873
read      469.8   730.1   160.7   222.9   240.8   409.3   496.2   537.3   565.2   595.3   632.8   690.2  1194.5  9973.3 31502.2  13878.5    13911
read      462.0   453.3   160.7   212.2   226.6   365.4   471.8   542.9   601.7   680.6   789.8   984.2  1490.0  5307.8 14426.1  49870.3    49984
read      488.4  1027.2   173.5   233.6   255.5   406.2   470.9   504.4   527.5   551.5   587.7   650.1  2224.0 14538.5 35729.0   9283.9     9274
read      479.1   721.8   160.7   214.0   229.8   389.9   497.8   566.9   619.5   673.6   735.8   837.3  1362.5  9721.9 31692.6  27045.7    27187
read      463.5   612.0   160.7   218.2   234.1   397.7   501.6   556.1   593.3   629.7   675.1   743.8  1226.5  7259.5 30313.6  18681.5    18735
read      365.3   419.0   160.7   210.5   223.2   304.5   354.0   388.1   417.5   460.1   521.9   629.6  1495.7  3248.9 12331.0  86616.3    86505
read      333.9   232.2   160.7   210.0   222.4   298.0   344.2   374.0   398.9   431.4   477.2   548.0   717.3  2464.1  8855.8  92881.4    93039
read      403.2   327.3   160.7   212.5   225.8   319.5   388.8   441.0   487.5   547.8   640.1   870.6  1499.7  3351.9 10551.0  76003.2    75999
read      472.2   673.8   160.7   213.9   229.2   379.2   484.5   547.0   597.8   656.5   732.6   849.1  1576.0  9957.2 30921.4  32273.1    32324
read      403.3   455.3   160.7   211.2   224.5   313.2   369.2   411.5   452.7   512.4   604.0   937.0  1700.0  3048.7 13426.3  84215.0    84255
read      380.3   315.0   160.7   211.2   224.2   309.8   366.0   406.6   445.4   498.3   571.9   729.8  1507.8  2826.5 10517.3  81821.1    81759
read      465.5   543.3   160.7   212.5   228.3   385.2   486.6   553.1   609.4   673.9   748.4   861.0  1241.8  8232.5 20272.8  37322.1    37291
read      451.9   408.7   160.7   210.3   224.6   356.9   463.8   533.7   591.9   671.2   782.9   975.8  1456.3  3679.0 13799.3  53869.8    53818
read      460.3   479.6   160.7   212.4   228.5   386.9   489.9   558.0   612.3   668.9   734.5   831.6  1204.7  5955.3 20381.7  30225.5    30297
read      472.7   689.6   160.7   213.0   229.0   388.2   492.1   559.1   614.0   672.9   739.6   846.4  1293.3  7412.2 30884.7  31610.7    31569
read      460.3   493.7   160.7   212.4   228.2   383.4   484.2   549.6   606.0   669.3   744.3   855.1  1264.7  6098.2 18421.0  38791.8    38927
read      465.3   581.1   173.5   233.3   254.9   423.6   497.6   533.2   557.5   587.3   625.6   685.8  1140.2  7692.2 26413.4  10712.1    10652
read      393.8   368.1   160.7   215.1   228.5   318.9   366.8   398.2   425.7   464.1   529.2   760.9  1691.8  2758.9 11827.0  98051.4    98119
read      449.9   320.4   160.7   215.2   229.6   359.8   470.1   540.5   594.6   667.1   779.9   975.3  1396.4  2602.8 10051.9  48235.9    48176
read      472.5   285.6   160.7   220.3   236.6   404.2   517.5   589.9   647.4   718.4   803.8   927.5  1234.3  2305.8  9528.0  34863.6    34929
read      387.1   275.2   160.7   212.6   225.9   319.0   390.1   442.9   487.8   542.3   614.1   739.8  1174.3  3026.7  7977.6  69751.4    69735
read      429.5   412.7   160.7   222.0   237.7   391.1   479.4   518.1   542.7   572.9   611.3   678.9   919.8  5704.8 14522.6  20860.3    20753
read      334.0   196.8   160.7   209.9   223.1   301.2   347.9   379.5   404.4   439.0   487.3   555.8   689.2  1295.0  9223.0  84616.3    84642
read      380.6   224.9   160.7   215.4   229.5   330.0   412.0   471.7   513.0   551.4   593.5   649.6   789.9  1613.5  9851.2  42349.1    42333
read      350.1   195.8   160.7   210.2   223.4   308.4   365.6   407.5   445.5   492.5   543.6   606.2   730.5  1251.9  7948.7  61527.7    61587
read      332.4   167.4   160.7   207.7   220.4   297.2   346.1   380.1   408.3   446.9   498.4   568.6   690.8  1158.8  6302.4  77990.4    77998
read      314.7   154.9   160.7   206.3   218.5   287.0   327.9   354.7   375.7   404.3   447.1   512.9   638.0  1073.4  5996.0  97747.1    97625
read      401.7   231.4   160.7   220.0   235.4   372.7   464.7   505.8   531.0   557.7   589.6   638.3   749.4  1241.3  9598.9  23722.4    23781
read      345.3   179.9   160.7   208.5   221.7   305.6   360.8   400.1   434.9   480.8   535.4   601.0   725.7  1056.8  7444.7  66656.0    66723
read      392.6   249.7   160.7   216.5   230.7   347.3   445.3   495.7   526.3   557.1   592.0   641.1   780.5  2088.1 10227.2  31086.9    31016
read      374.9   210.8   160.7   214.7   228.6   327.1   400.5   456.6   498.7   541.6   587.7   646.7   779.8  1412.8  7824.4  47308.0    47394
read      335.4   167.9   160.7   210.7   223.6   304.2   353.4   384.7   408.4   439.8   483.7   549.9   694.8  1455.4  7159.7  95396.1    95335
read      418.7   419.0   173.5   272.6   297.7   384.6   420.5   441.2   458.3   478.0   507.6   564.2   743.9  7579.0 14379.2   5229.1     5252
read      356.5   236.3   160.7   212.3   225.7   315.0   372.5   413.7   448.8   493.3   545.8   614.3   742.6  1652.1 10213.4  65677.7    65908
read      406.3   279.2   160.7   225.3   243.2   393.2   459.6   490.2   510.1   533.6   561.8   608.3   731.0  3095.3 12180.4  16843.2    16889
read      380.1   255.8   160.7   213.3   227.3   329.6   410.9   471.6   513.6   554.0   597.1   653.6   777.7  1340.2  9929.2  42806.1    42912
read      325.6   260.1   160.7   209.0   221.6   296.8   342.0   370.1   392.9   422.1   463.0   528.7   668.0  1218.6  6226.9  99873.7    99898
read      399.9   290.3   160.7   217.3   231.6   360.2   457.8   502.7   530.1   558.8   591.9   642.1   765.5  2502.1 13121.8  26404.9    26385
read      404.4   246.4   160.7   220.5   236.4   378.3   466.4   504.4   528.8   554.2   585.5   633.1   756.6  2358.8 10583.2  22584.4    22616
read      372.2   259.1   160.7   211.3   225.0   319.9   391.5   447.6   491.4   538.0   586.8   648.9   788.3  2359.8 10021.0  50498.1    50605
read      333.4   176.3   160.7   209.0   221.9   301.6   350.6   382.0   406.4   439.1   484.8   552.9   692.4  1320.1  7272.7  90249.0    90283
read      402.2   233.1   160.7   219.6   234.8   366.1   465.4   510.7   537.4   566.5   599.5   647.2   768.6  1482.7  9967.9  26252.3    26273
read      375.1   221.8   160.7   215.2   229.2   328.3   399.7   454.7   496.4   540.4   587.2   647.0   782.0  1267.5  8960.8  48515.0    48521
read      392.9   252.4   160.7   216.8   231.0   344.6   441.2   496.0   529.3   563.1   600.3   655.2   780.2  2242.9 10099.9  34031.0    34058
read      349.9   175.4   160.7   211.5   224.9   313.9   370.0   406.3   436.2   475.3   528.0   596.5   735.1  1179.0  7676.1  75592.4    75648
read      417.6   324.3   160.7   226.1   243.8   397.5   476.9   512.4   535.1   560.3   590.8   640.4   775.8  3582.6 13851.7  19471.2    19482
read      423.0   324.0   160.7   231.3   252.0   409.1   469.7   499.5   520.0   542.7   573.2   620.8   748.9  4845.7 12911.9  15020.4    15054
read      342.8   178.2   160.7   209.9   222.9   306.4   359.9   395.7   426.0   465.5   518.6   588.6   722.6  1243.0  7572.4  75759.9    75754
read      419.2   434.3   173.5   270.4   295.3   383.3   420.6   441.7   459.1   479.9   510.2   571.9   748.8  7864.4 15805.4   5156.9     5187
read      421.3   290.0   160.7   229.0   250.3   402.9   473.1   506.7   529.0   551.8   584.3   632.1   755.1  3881.1 11430.0  17583.9    17656
read      330.4   159.4   160.7   209.6   222.5   301.5   349.0   378.8   401.7   431.7   472.3   538.8   673.3  1189.4  7267.6  96293.2    96343
read      386.1   231.1   160.7   213.3   227.4   335.2   431.0   490.6   527.0   563.0   602.2   655.6   777.3  1391.0 10313.5  36557.7    36665
read      338.4   163.9   160.7   210.0   223.0   305.4   356.8   390.1   416.9   451.9   499.4   570.6   707.3  1179.2  6450.7  85173.9    85269
read      402.1   289.2   160.7   219.9   235.0   353.7   454.7   507.7   539.0   571.9   609.9   664.7   792.8  2193.7 12435.8  31522.5    31525
read      366.7   206.5   160.7   216.5   230.2   324.4   385.5   429.5   466.5   512.6   566.4   633.6   766.4  1309.5  8693.6  61782.1    61798
read      427.6   336.4   160.7   240.6   263.8   414.1   468.8   496.7   515.8   538.8   568.8   617.7   747.3  4090.9 15399.5  12335.0    12253
read      416.3   251.1   160.7   223.6   241.3   383.3   474.9   518.8   546.3   576.7   613.1   668.1   804.9  2527.7 10281.6  25721.1    25710
read      341.5   186.1   160.7   210.1   223.1   306.0   358.5   393.7   422.7   460.1   509.8   581.8   718.4  1227.0  6982.5  79959.4    79937
read      431.1   390.5   173.5   260.5   287.5   402.8   445.3   468.5   488.3   509.9   543.1   596.7   776.2  7439.0 14112.1   7269.7     7271
read      334.8   165.1   160.7   209.1   221.9   302.8   353.5   385.9   411.4   445.1   491.4   558.9   696.0  1270.1  5678.7  85799.0    85861
read      330.8   182.5   160.7   209.1   221.8   299.6   347.3   377.8   401.8   433.4   477.5   544.9   681.4  1440.0  7472.0  91460.3    91467
read      346.3   193.6   160.7   210.8   224.1   309.9   363.6   399.8   431.1   471.1   524.6   591.9   715.4  1225.9  8821.3  72206.0    72217
read      386.9   226.2   160.7   214.9   229.2   342.6   440.1   490.1   521.0   551.4   586.4   635.8   760.2  1655.7  9060.4  31079.6    31080
read      345.2   201.6   160.7   210.4   223.7   309.1   361.8   396.7   426.3   464.7   517.2   587.7   724.8  1493.7  8375.9  76818.7    76878
read      338.1   171.0   160.7   209.5   222.6   305.2   356.5   389.7   416.3   451.4   499.7   570.9   706.4  1249.1  5894.2  84588.3    84584
read      423.0   319.3   160.7   238.2   260.1   409.8   464.5   492.7   511.4   534.5   562.6   609.3   741.4  4633.2 13403.2  12528.3    12492
read      371.7   189.7   160.7   216.2   230.0   330.5   395.7   441.2   479.0   524.8   575.5   638.7   777.9  1492.0  6578.3  57186.5    57106
read      333.3   174.1   160.7   210.3   223.2   302.8   350.4   381.0   404.2   435.4   479.1   547.2   697.1  1152.3  8161.2  96219.8    96245
read      420.5   338.8   160.7   264.0   289.4   395.8   436.1   460.3   477.5   500.8   531.1   581.3   741.3  5758.2 12982.5   6806.3     6791

Total QPS = 51258.8 (61510608 / 1200.0s)

Total connections = 64
Misses = 0 (0.0%)
Skipped TXs = 0 (0.0%)

RX 15193120423 bytes :   12.1 MB/s
TX          0 bytes :    0.0 MB/s
Warning! Detected max cpu usage > 95%
CPU Usage Stats (avg/min/max): 99.96%,45.13%,100.00%
