#type       avg     std     min      p5     p10     p50     p67     p75     p80     p85     p90     p95     p99    p999   p9999     QPS   target
read      397.1   224.2   148.8   210.5   229.5   367.1   437.5   483.6   516.7   553.8   598.2   659.5   773.0  1365.7  8936.6  29919.6    30000
read      404.5   209.7   160.7   212.2   232.4   377.3   442.5   486.3   519.5   559.0   607.3   670.0   776.1  1867.3  7930.2  34852.8    35000
read      397.6   214.4   160.7   210.0   228.3   371.6   432.4   472.2   506.1   547.4   600.6   671.4   783.2  1466.6  8787.3  40092.2    40000
read      412.2   185.1   160.7   211.1   230.4   391.4   456.8   497.7   530.5   571.1   623.1   691.5   807.0  1740.8  5446.9  44901.6    45000
read      398.3   206.5   148.8   208.3   225.5   372.3   435.0   475.2   507.8   550.4   609.3   685.8   805.6  1656.0  8469.2  49889.4    50000
read      388.6   224.3   160.7   204.0   219.4   366.6   427.8   464.5   495.5   535.7   589.3   663.2   773.7  1446.4  9577.5  54894.2    55000
read      389.4   226.0   148.8   204.3   219.7   365.5   432.1   470.5   501.5   540.0   590.9   665.5   785.3  1635.1  9026.1  59952.2    60000
read      385.8   222.6   148.8   201.9   217.1   361.5   429.1   467.4   497.6   534.9   584.5   656.1   779.6  1998.0  8652.4  64965.6    65000
read      386.3   221.6   148.8   201.9   217.6   360.3   431.3   472.1   502.9   539.7   587.8   658.2   779.0  1222.4  8705.3  70087.3    70000
read      374.3   250.4   148.8   200.3   215.3   348.7   414.8   452.3   479.5   512.7   558.2   630.2   757.4  1274.3  8584.0  74869.0    75000
read      378.1   218.3   148.8   202.8   218.9   355.3   421.2   459.6   488.0   521.5   564.9   631.6   746.8  1069.5  8509.1  80046.8    80000
read      379.2   244.5   148.8   204.3   220.2   357.7   422.2   458.6   486.0   519.2   562.5   627.6   742.1  1067.4  9545.1  85049.0    85000
read      371.7   193.4   148.8   204.1   220.2   351.9   412.2   447.2   472.3   504.6   545.4   611.3   733.9   973.6  7761.6  90037.7    90000
read      377.7   187.4   148.8   208.2   226.0   357.1   419.1   455.0   481.1   512.1   552.4   613.9   728.1   940.6  7834.8  95085.8    95000
read      415.2   237.4   148.8   213.0   233.1   381.3   448.3   487.4   517.8   559.9   629.8   762.5   954.7  1216.8  9788.7 100009.6   100000
read      379.3   189.9   148.8   217.2   236.3   361.2   416.8   449.9   473.5   502.8   539.5   591.6   696.2  1120.4  8533.4 105048.2   105000
read      584.5   264.5   160.7   331.1   357.9   580.1   702.0   739.1   764.1   790.5   822.5   867.3   956.1  1394.5 10202.1 106945.0   110000
Warning! Detected max cpu usage > 95%
CPU Usage Stats (avg/min/max): 90.23%,63.13%,100.00%