#type       avg     std     min      p5     p10     p50     p67     p75     p80     p85     p90     p95     p99    p999   p9999     QPS   target
read      403.4   247.9   160.7   212.4   232.4   371.2   442.6   489.9   523.9   561.3   604.8   663.2   772.3  2590.2 10272.5  29857.6    30000
read      394.4   234.0   160.7   208.1   226.2   362.1   428.2   473.6   511.2   553.0   604.1   666.0   768.4  2224.0  7964.5  34897.4    35000
read      409.0   235.1   160.7   210.6   230.0   387.5   450.7   490.0   521.1   560.8   611.2   678.0   794.9  1424.2 11658.7  40034.8    40000
read      406.6   222.1   160.7   209.1   227.4   386.3   449.5   488.1   519.1   560.9   614.2   680.7   787.6  1457.6  9681.1  45011.8    45000
read      395.8   256.7   160.7   205.6   221.8   371.8   432.9   471.4   503.1   543.2   596.5   669.1   781.7  2119.9 12508.2  49964.2    50000
read      396.6   234.2   160.7   204.8   221.2   374.8   439.2   477.9   507.5   546.5   599.6   673.6   792.9  1449.5  9037.5  54860.0    55000
read      382.4   258.9   148.8   202.2   216.9   358.9   422.2   458.9   487.8   525.1   577.5   652.6   770.5  1338.8  8845.5  59958.0    60000
read      374.6   203.3   148.8   200.9   215.1   350.5   411.6   448.1   477.2   515.4   568.2   645.9   775.9  1275.7  8086.4  64875.4    65000
read      382.8   195.3   148.8   202.6   217.8   356.9   427.6   467.8   498.6   535.2   582.0   651.0   771.2  1332.8  7511.1  70179.7    70000
read      384.1   261.9   148.8   202.3   217.8   357.8   426.5   465.9   495.5   530.7   577.0   644.2   768.5  1735.2  9165.8  75047.6    75000
read      376.2   197.9   160.7   202.9   218.5   352.4   418.2   457.2   485.6   519.7   564.0   631.6   748.0  1083.1  6970.2  80090.2    80000
read      375.2   162.4   148.8   204.0   219.9   354.7   419.4   456.4   483.5   515.9   559.0   624.0   735.1   927.3  4883.9  84902.8    85000
read      367.8   209.7   148.8   203.3   218.7   348.0   406.7   440.0   465.7   497.6   538.8   601.7   721.4  1106.5  8148.4  89829.8    90000
read      376.7   201.7   148.8   208.3   225.8   356.8   418.6   453.8   479.1   508.8   547.8   607.5   719.7   929.9  9012.5  95048.6    95000
read      364.4   179.7   160.7   207.4   223.8   346.4   402.5   434.1   458.3   487.0   524.5   580.9   688.2   991.8  8002.9  99877.0   100000
read      374.7   345.1   160.7   209.9   227.3   351.2   407.6   441.4   466.7   498.1   539.2   606.6   796.0  1145.1  8178.5 104911.5   105000
read      411.3   351.9   160.7   234.1   259.9   390.3   449.9   485.6   511.2   541.7   580.1   634.2   742.9  1086.6 10717.3 110074.5   110000
Warning! Detected max cpu usage > 95%
CPU Usage Stats (avg/min/max): 89.94%,61.81%,100.00%