#type       avg     std     min      p5     p10     p50     p67     p75     p80     p85     p90     p95     p99    p999   p9999     QPS   target
read      408.0   953.1   160.7   210.7   231.3   375.7   446.9   492.2   526.1   564.6   609.4   666.1   773.0  1690.7  9350.5  30033.4    30000
read      412.3  1131.6   160.7   210.3   229.8   379.1   445.6   489.6   523.9   564.2   612.1   673.3   787.6  2208.0  9566.3  35041.0    35000
read      411.3   536.4   160.7   210.0   228.8   384.4   448.8   490.8   524.5   566.1   616.3   679.8   797.1  2360.4 11284.1  40192.0    40000
read      401.0   228.5   160.7   207.7   225.3   377.8   439.5   479.7   511.7   552.5   607.5   676.4   789.5  1525.3  8745.0  44834.6    45000
read      402.3   231.4   160.7   206.7   224.0   381.3   445.1   484.1   515.3   556.4   611.1   681.4   795.8  1360.6  8495.8  49949.5    50000
read      394.7   235.9   160.7   206.0   221.9   371.4   435.8   473.6   504.6   543.8   595.5   672.1   788.9  1492.9 11410.0  54959.0    55000
read      389.8   429.9   148.8   203.4   219.1   367.6   433.8   471.4   501.7   539.9   589.6   662.6   782.5  1426.6  6217.9  60098.4    60000
read      390.0   218.7   148.8   203.1   218.6   365.2   436.5   477.4   507.6   544.6   591.1   661.6   777.7  1381.8  8404.3  65041.0    65000
read      376.4   213.5   160.7   201.3   215.7   352.3   418.2   455.7   484.1   519.5   567.8   639.7   772.0  1250.3  8788.5  70059.8    70000
read      375.9   167.1   160.7   201.7   216.8   352.7   419.0   457.3   486.2   521.2   567.7   636.9   764.0  1246.5  5386.5  74980.0    75000
read      395.1   199.9   148.8   204.4   221.1   365.6   435.3   476.2   507.5   547.6   602.0   692.1   884.3  1230.0  7533.7  80027.7    80000
read      365.0   181.3   148.8   200.7   215.4   343.4   403.5   438.2   464.4   495.7   537.5   605.3   736.3  1257.6  7564.7  84960.8    85000
read      372.1   223.0   160.7   203.6   219.6   351.6   413.1   447.9   472.5   504.4   545.0   608.1   726.3  1061.9  9835.4  89697.4    90000
read      359.7   192.3   148.8   203.2   218.3   340.9   396.4   428.1   452.1   481.0   520.6   584.2   706.7  1086.0  8239.6  95062.8    95000
read      360.7   184.3   148.8   205.8   221.5   342.1   397.2   428.6   452.8   481.8   519.5   578.4   689.3  1069.2  8106.3  99633.6   100000
read      381.7   211.7   160.7   217.8   237.2   361.8   416.7   450.1   474.2   504.4   541.9   594.7   709.7  1424.9 10102.9 105089.1   105000
read      388.4   216.6   160.7   221.4   242.6   366.6   423.5   458.0   483.7   513.6   551.7   611.7   731.1  1067.2  9773.1 110221.8   110000
Warning! Detected max cpu usage > 95%
CPU Usage Stats (avg/min/max): 89.69%,53.50%,100.00%