#type       avg     std     min      p5     p10     p50     p67     p75     p80     p85     p90     p95     p99    p999   p9999     QPS   target
read      405.1   244.0   160.7   210.2   228.9   383.4   452.6   493.8   525.5   562.6   604.9   659.5   757.0  1858.0  9501.0  29960.8    30000
read      400.6   242.8   160.7   206.1   223.5   376.4   448.3   490.6   523.1   562.6   608.4   664.9   755.9  1658.2 10579.2  34842.4    35000
read      401.8   238.9   160.7   206.8   223.8   376.8   447.5   488.8   520.9   561.0   610.4   673.8   788.4  2759.2  8226.3  39857.8    40000
read      410.6   223.0   148.8   209.0   227.4   389.8   466.8   506.4   537.4   575.5   623.2   684.6   788.3  1117.5  8686.6  44955.8    45000
read      399.0   249.5   160.7   206.1   222.7   373.3   449.1   489.0   518.6   555.1   604.6   670.2   780.8  1521.8 10176.4  50035.2    50000
read      398.3   205.9   148.8   205.5   222.5   373.9   451.9   492.2   521.2   557.4   607.0   675.2   790.0  1051.0  7210.4  55005.2    55000
read      384.4   192.6   148.8   202.5   217.1   357.9   430.4   469.0   499.2   536.8   587.7   660.7   771.7  2091.9  5696.6  59742.8    60000
read      375.5   216.1   148.8   201.2   215.4   345.1   415.7   456.1   485.6   522.1   572.7   645.6   763.9  1814.0  7718.4  64979.2    65000
read      378.4   226.3   148.8   202.2   216.4   350.3   421.7   461.3   490.0   524.2   570.7   641.3   769.5  1600.4  9631.4  70009.4    70000
read      380.3   192.0   148.8   205.2   220.8   354.4   425.3   464.4   492.7   526.4   571.8   639.8   767.4  1148.0  7780.7  74703.0    75000
read      366.6   179.0   148.8   202.7   217.0   340.9   405.1   442.9   469.9   502.8   545.8   618.4   752.2  1465.0  5727.6  79860.8    80000
read      380.0   186.7   148.8   207.6   224.6   355.3   423.3   461.8   489.6   521.9   562.7   625.8   744.9  1221.5  7733.6  84835.9    85000
read      377.6   181.9   160.7   210.7   228.2   355.2   419.6   456.9   483.5   513.4   550.9   609.6   721.0  1062.3  7798.5  89995.0    90000
read      367.3   178.6   148.8   207.5   224.1   344.5   403.8   439.5   465.7   497.0   537.0   595.3   713.3  1087.1  7954.1  94911.8    95000
read      387.7   227.9   160.7   218.9   237.7   364.1   423.8   458.8   485.1   516.7   557.9   618.6   752.7  1314.5  9875.7  99949.2   100000
read      417.7   199.8   148.8   225.1   247.1   385.8   453.2   492.1   521.6   558.9   614.2   726.5   964.8  1137.6  6850.7 104954.2   105000
read      573.8   281.5   160.7   313.9   345.2   550.4   650.6   697.1   729.8   769.0   822.8   917.6  1064.8  1391.0 10982.0 106891.2   110000
Warning! Detected max cpu usage > 95%
CPU Usage Stats (avg/min/max): 90.01%,59.60%,100.00%