#type       avg     std     min      p5     p10     p50     p67     p75     p80     p85     p90     p95     p99    p999   p9999     QPS   target
read      402.2   247.9   160.7   209.1   227.5   377.2   448.7   492.0   525.4   563.8   606.8   661.9   761.4  2103.8  7533.7  30018.2    30000
read      397.2   220.1   160.7   207.3   224.5   373.9   442.8   484.5   516.9   555.5   600.5   654.9   748.1  2032.3  9139.8  35054.4    35000
read      400.7   194.5   160.7   208.0   224.9   375.8   448.6   491.1   524.2   565.5   616.6   680.7   794.7  1179.9  7831.3  40128.4    40000
read      393.8   206.9   160.7   206.9   223.3   369.3   441.8   481.8   511.8   551.4   602.8   667.5   767.9  1134.7  8823.6  45052.8    45000
read      409.1   230.6   148.8   207.9   225.6   384.9   464.1   504.4   535.4   573.1   621.5   686.3   800.8  1902.8  9084.7  49952.4    50000
read      397.3   201.2   160.7   205.7   222.6   373.7   450.1   490.8   520.4   556.1   604.9   672.3   783.4  1190.7  7751.3  55006.7    55000
read      388.3   239.4   160.7   203.7   219.5   359.6   434.4   474.3   504.0   541.9   593.1   666.2   780.7  1244.6  9489.6  60011.0    60000
read      381.2   204.9   148.8   203.1   218.2   353.9   428.0   467.2   496.5   532.1   580.4   650.2   766.8  1127.5  7391.7  65106.8    65000
read      378.6   182.3   148.8   202.9   217.9   353.8   425.3   464.5   493.6   528.1   573.8   641.1   754.7  1042.0  5978.5  70181.6    70000
read      379.8   205.1   160.7   203.9   219.4   354.5   426.1   464.9   493.0   526.1   570.5   638.8   758.2  1073.4  9875.3  74910.2    75000
read      374.9   202.7   148.8   205.2   220.7   349.4   418.1   456.1   483.1   514.9   556.9   625.3   749.9  1260.7  8214.0  80160.4    80000
read      381.3   210.7   148.8   207.6   224.5   355.5   423.6   462.4   490.6   523.4   565.7   629.8   754.3  1101.3  8635.5  85132.2    85000
read      363.5   170.6   148.8   205.1   220.9   340.9   401.2   436.1   461.8   492.7   533.6   596.5   721.0   971.3  7109.4  90117.5    90000
read      370.9   178.6   148.8   211.0   228.1   350.0   408.1   443.4   468.9   499.7   538.5   594.1   708.7   934.1  6551.6  94949.4    95000
read      399.5   197.3   160.7   220.1   239.3   371.4   435.5   473.8   502.6   537.1   581.3   652.5   934.4  1226.4  6040.3 100068.9   100000
read      590.5   305.9   173.5   322.0   354.1   556.4   664.6   717.5   753.5   801.1   863.5   947.4  1078.8  1587.8 13014.7 103893.9   105000
read      588.8   272.1   160.7   326.4   357.1   559.7   673.5   722.6   754.7   796.2   852.6   939.2  1075.6  1292.5  9873.3 105999.8   110000
Warning! Detected max cpu usage > 95%
CPU Usage Stats (avg/min/max): 90.46%,62.31%,100.00%