#type       avg     std     min      p5     p10     p50     p67     p75     p80     p85     p90     p95     p99    p999   p9999     QPS   target
read      401.5   248.1   160.7   208.6   226.9   376.9   446.5   489.5   521.5   558.5   599.8   652.6   758.6  1671.0 11966.3  29939.6    30000
read      404.8   230.6   160.7   209.3   227.3   386.2   457.5   496.5   526.4   562.4   606.0   662.0   764.0  1226.9 10448.5  35139.8    35000
read      408.7   197.4   160.7   210.1   228.2   387.9   461.8   502.6   534.2   572.8   619.7   680.6   794.4  1434.9  8276.2  39895.0    40000
read      408.1   227.2   160.7   208.6   225.9   383.5   460.4   501.4   533.1   571.6   619.8   684.4   801.2  1805.1  9321.5  44935.2    45000
read      408.8   210.2   160.7   207.7   225.6   386.6   464.8   505.3   536.2   574.5   623.4   687.8   800.3  1274.4  8278.0  49867.6    50000
read      390.9   215.6   148.8   202.7   217.8   366.4   443.0   483.5   513.3   549.6   599.2   668.4   776.9  1266.3  6599.7  54927.8    55000
read      387.7   238.0   148.8   202.7   217.6   358.9   433.2   474.3   504.3   540.9   589.2   660.9   775.4  1708.1 10385.2  59810.2    60000
read      394.2   236.4   148.8   203.8   220.1   365.8   445.2   486.3   514.7   548.8   594.8   667.0   789.7  1755.9 10512.7  64833.6    65000
read      374.0   175.8   148.8   200.7   215.1   347.4   417.2   457.3   486.3   521.2   568.2   639.0   761.5  1318.6  5547.2  69858.6    70000
read      386.3   208.7   148.8   205.2   221.3   359.5   435.6   477.2   505.7   538.8   581.1   642.8   762.4  1276.4  9450.2  74862.8    75000
read      381.6   202.9   148.8   204.6   221.1   356.5   429.8   469.5   497.3   529.3   569.9   630.6   745.9  1095.4  8795.4  79840.4    80000
read      375.9   178.3   148.8   206.2   222.7   351.8   419.7   458.4   485.2   515.3   554.8   618.6   738.4  1189.5  7614.5  84885.0    85000
read      378.4   165.3   148.8   210.2   227.8   355.8   420.4   458.3   485.9   517.9   556.9   616.6   730.9  1049.5  5982.3  90002.4    90000
read      370.8   189.1   148.8   210.2   227.1   349.2   408.4   443.7   468.7   499.3   538.0   593.5   711.5  1054.1  8419.6  94831.0    95000
read      386.2   188.1   160.7   219.8   239.2   365.7   425.2   460.2   486.0   516.0   553.3   609.5   726.8  1150.3  9307.4 100233.6   100000
read      443.4   219.5   160.7   229.8   255.4   405.6   477.5   521.0   554.9   600.6   676.2   815.5   997.0  1196.0  7948.4 104856.3   105000
read      467.8   247.6   160.7   254.5   283.7   438.3   514.2   554.0   583.5   618.8   666.0   747.9  1034.5  1314.0  9962.7 108586.1   110000
Warning! Detected max cpu usage > 95%
CPU Usage Stats (avg/min/max): 89.95%,51.26%,100.00%