#type       avg     std     min      p5     p10     p50     p67     p75     p80     p85     p90     p95     p99    p999   p9999      QPS   target       ts_start         ts_end
read      305.4   392.3    80.4   133.1   148.6   254.5   310.7   345.2   373.2   407.2   452.5   522.2   903.5  5170.8 12498.5  30031.5    30000  1684486486911  1684486497055
read      315.6   431.0    86.8   131.0   145.4   258.3   318.7   356.1   384.4   417.1   458.0   528.0  1094.3  5775.8 13522.4  30064.8    30005  1684486498561  1684486508693
read      296.0   382.1    86.8   128.7   142.0   247.7   304.2   339.0   365.3   396.1   433.5   492.7   804.8  5026.4 10912.7  29957.0    30010  1684486510199  1684486520317
read      326.5   463.7    86.8   132.0   147.3   264.8   326.0   364.8   394.2   429.1   472.3   545.3  1281.4  5917.4 15705.7  29962.9    30015  1684486521828  1684486531938
read      309.2   434.5    80.4   129.0   142.8   254.2   312.6   349.0   376.6   408.3   448.6   509.7  1013.8  5768.7 12187.5  30045.0    30020  1684486533448  1684486543564
read      324.9   481.4    86.8   132.1   146.9   261.5   321.6   360.4   390.1   424.9   467.7   541.3  1218.9  6262.3 15762.6  29896.9    30025  1684486545076  1684486555181
read      317.0   439.8    86.8   131.8   146.9   262.0   321.1   359.3   388.3   422.8   465.7   535.2   984.7  5882.8 15157.4  30079.6    30030  1684486556687  1684486566800
read      298.7   398.9    86.8   130.8   145.0   253.0   309.3   344.5   372.4   404.9   444.9   503.5   740.9  5655.9 16327.8  30070.3    30035  1684486568309  1684486578417
read      271.9   211.4    80.4   130.0   143.1   247.4   300.2   332.1   356.2   384.8   419.5   469.6   594.0  1874.4  8625.1  30090.4    30040  1684486579928  1684486590039
read      284.8   282.0    80.4   130.1   143.9   253.9   309.8   344.2   371.4   403.5   442.4   499.3   653.1  3506.3 12043.7  30027.4    30045  1684486591548  1684486601672
read      270.1   261.8    80.4   133.2   148.3   243.8   290.4   317.1   338.2   364.5   399.7   454.2   582.2  3981.6 10859.0  30044.9    30050  1684486603178  1684486613295
read      278.9   219.0    80.4   141.0   157.3   253.5   302.0   331.4   354.2   382.2   418.3   469.9   586.9  2496.9  8617.9  30029.0    30055  1684486614803  1684486624909
read      274.0   244.7    80.4   136.9   153.6   245.7   292.7   322.2   346.0   377.0   417.4   470.8   574.3  2828.7  9629.2  30106.4    30060  1684486626417  1684486636530
read      278.5   249.1    80.4   140.4   157.5   250.9   297.3   327.5   351.4   382.0   421.2   475.5   585.2  2883.4  9815.2  30034.8    30065  1684486638040  1684486648153
read      283.3   232.1    80.4   143.3   160.9   256.9   305.1   335.8   360.7   392.0   431.4   486.8   592.8  2215.5 11224.5  30121.3    30070  1684486649662  1684486659768
read      284.6   214.9    80.4   143.1   160.3   258.6   308.6   339.2   363.7   393.8   432.2   488.4   602.9  2148.1  8652.9  30165.4    30075  1684486661274  1684486671379
read      279.4   207.4    80.4   139.7   156.9   254.3   302.9   333.2   356.7   386.4   424.9   479.8   592.0  1861.0  8557.3  30157.2    30080  1684486672889  1684486682997
read      271.4   236.1    80.4   135.4   151.7   247.4   294.3   321.5   343.3   370.9   407.5   462.0   573.7  2311.0 11067.6  30041.1    30085  1684486684507  1684486694617
read      268.9   219.0    86.8   137.4   152.7   245.4   291.8   319.1   340.5   366.8   400.7   452.4   557.8  2150.3  9027.2  29967.4    30090  1684486696128  1684486706241
read      286.4   247.6    80.4   139.6   156.9   258.1   310.5   342.6   368.3   399.5   438.8   496.6   613.6  2424.4 12096.0  30139.6    30095  1684486707748  1684486717859
read      284.0   233.3    86.8   144.2   161.5   256.0   304.2   334.3   358.4   388.9   427.7   483.8   613.8  2643.6  8681.2  30027.8    30100  1684486719365  1684486729468
read      274.7   239.1    80.4   143.5   160.5   250.3   294.6   321.3   343.3   370.8   406.6   459.8   566.0  2237.9 12085.9  30072.3    30105  1684486730978  1684486741091
read      293.8   277.0    80.4   144.7   163.3   264.4   314.8   346.2   372.1   403.4   443.6   501.1   626.8  2776.0 12837.7  30061.7    30110  1684486742601  1684486752704
read      275.6   242.9    80.4   139.1   155.5   249.3   297.0   326.4   348.8   376.8   414.3   467.2   577.0  2582.6  9248.8  30088.1    30115  1684486754212  1684486764325
read      272.9   238.4    80.4   138.7   154.6   247.6   294.0   320.8   342.7   370.1   406.0   460.4   574.3  2622.0  9486.4  30061.0    30120  1684486765831  1684486775939
read      280.7   242.5    80.4   138.8   155.3   255.0   305.1   335.4   359.2   388.8   426.7   482.4   598.6  2020.1  9868.3  30077.5    30125  1684486777448  1684486787555
read      276.8   220.0    80.4   139.9   156.6   251.6   298.1   327.1   350.6   380.9   420.1   474.3   584.5  2059.9  9473.2  30115.5    30130  1684486789070  1684486799179
read      279.3   259.8    80.4   136.3   153.2   249.6   298.9   330.9   356.4   387.9   427.4   482.8   601.1  2738.0 10172.2  30106.4    30135  1684486800690  1684486810802
read      280.5   285.9    80.4   142.0   157.9   252.0   299.9   329.2   352.0   381.0   418.3   468.9   579.2  3619.5 12817.7  30154.7    30140  1684486812310  1684486822427
read      279.7   243.0    86.8   140.2   156.7   252.9   301.6   331.5   354.8   384.1   421.9   473.7   586.4  2870.5 10481.4  30164.7    30145  1684486823940  1684486834052
read      293.8   270.0    74.4   144.6   162.6   264.1   315.5   347.9   373.2   404.0   445.3   505.1   636.5  2491.2 12590.3  30123.8    30150  1684486835563  1684486845678
read      282.2   256.8    80.4   138.6   155.6   254.5   303.6   334.1   358.3   389.1   428.9   489.4   618.4  2367.6 11945.8  30059.8    30155  1684486847188  1684486857309
read      302.9   365.9    80.4   139.2   156.2   256.0   307.6   340.0   366.1   398.7   440.8   506.9  1023.6  5255.1 13048.5  30101.3    30160  1684486858816  1684486868924
read      273.8   225.1    86.8   136.9   152.7   247.8   295.2   323.7   346.0   374.5   413.0   467.6   585.5  2587.1  9813.4  30209.4    30165  1684486870430  1684486880540
read      281.6   222.4    80.4   141.6   158.3   256.1   306.6   336.8   360.6   389.7   426.7   479.5   590.2  2184.7 10242.6  30068.4    30170  1684486882049  1684486892155
read      281.6   258.6    74.4   142.0   158.6   254.5   302.7   332.4   355.9   386.3   425.6   479.5   587.6  2601.0 12572.5  30229.2    30175  1684486893664  1684486903765
read      279.0   245.8    80.4   139.5   155.9   252.4   300.9   330.6   353.8   382.9   420.7   474.5   595.0  2418.9  9958.6  30100.8    30180  1684486905274  1684486915379
read      279.5   221.6    80.4   139.9   157.0   254.8   304.0   333.5   356.6   385.9   423.5   477.7   593.5  1995.5 10120.6  30220.1    30185  1684486916885  1684486926993
read      283.9   232.0    86.8   140.8   158.3   257.2   307.0   337.6   362.1   392.6   431.8   488.9   607.3  2182.8 10210.8  30222.1    30190  1684486928499  1684486938614
read      285.3   238.6    80.4   141.7   158.4   257.7   310.1   341.1   365.4   394.7   431.8   486.9   606.6  2553.1 11239.6  30060.6    30195  1684486940124  1684486950228
read      281.5   236.8    80.4   138.7   154.8   254.8   306.3   337.3   361.3   390.5   427.9   482.3   595.3  2578.1 10600.4  30188.1    30200  1684486951738  1684486961848
read      287.6   229.4    80.4   143.5   160.7   260.8   312.0   343.2   367.6   397.3   435.2   492.4   621.7  2452.1  9131.6  30176.3    30205  1684486963354  1684486973462
read      269.0   200.9    80.4   138.9   154.3   244.8   291.0   319.1   341.7   369.2   403.9   456.1   561.6  1739.6  8774.8  30189.9    30210  1684486974967  1684486985077
read      276.5   202.7    80.4   141.0   157.2   252.2   300.0   329.2   351.7   380.0   417.3   469.7   582.8  1955.5  8485.1  30185.6    30215  1684486986587  1684486996695
read      268.1   203.5    80.4   135.8   151.4   239.7   287.2   318.2   343.3   374.5   414.1   467.7   573.2  2060.5  9129.1  30109.5    30220  1684486998205  1684487008318
read      271.0   215.9    80.4   138.6   154.7   244.5   290.9   320.4   344.1   373.0   410.7   463.3   571.0  2347.2  8483.7  30121.0    30225  1684487009827  1684487019943
read      291.3   222.4    80.4   144.1   162.4   262.8   314.7   346.9   373.1   404.4   445.6   504.9   640.1  2030.2  9320.4  30230.6    30230  1684487021450  1684487031558
read      280.3   218.5    80.4   139.4   156.6   253.2   301.8   332.0   356.2   387.6   428.2   486.2   600.0  2525.6  8534.8  30177.3    30235  1684487033071  1684487043181
read      272.6   215.4    80.4   140.4   156.2   247.6   293.6   322.1   345.1   373.3   409.7   462.0   561.2  2244.1  9417.6  30296.2    30240  1684487044693  1684487054793
read      285.9   211.3    80.4   141.9   160.2   259.6   309.8   341.2   366.2   396.8   435.3   490.8   602.9  2330.7  8495.3  30342.8    30245  1684487056302  1684487066407
