#type       avg     std     min      p5     p10     p50     p67     p75     p80     p85     p90     p95     p99    p999   p9999     QPS   target
read      408.0   268.6   160.7   209.8   228.5   381.9   454.4   498.2   531.5   569.9   613.7   671.0   785.7  2579.7 11055.1  30044.2    30000
read      404.7   222.8   148.8   208.0   226.4   383.0   454.4   495.9   528.2   566.8   612.5   672.0   775.9  1249.3  8395.6  34849.6    35000
read      399.2   278.6   148.8   202.6   218.3   372.2   446.4   489.5   522.1   562.1   611.4   671.3   779.6  2761.6 10399.6  39855.2    40000
read      413.2   217.1   160.7   209.3   228.1   394.6   471.3   509.5   539.1   576.0   623.8   684.8   789.6  1254.2  8675.6  44819.2    45000
read      396.9   199.9   160.7   204.8   221.0   371.0   446.8   488.6   519.9   558.8   611.1   680.1   795.8  1445.1  7892.2  50095.6    50000
read      392.7   194.2   148.8   205.2   221.2   366.8   439.6   479.0   508.3   547.4   599.2   672.4   794.5  1506.0  6373.8  55283.8    55000
read      390.3   223.0   148.8   202.7   217.9   363.4   440.1   480.0   507.8   544.6   593.5   667.1   784.5  1586.5  7800.4  59866.4    60000
read      380.9   236.4   148.8   201.1   215.9   353.0   424.8   464.7   494.1   529.6   577.7   650.0   777.8  1462.8  8199.5  64887.4    65000
read      378.8   197.5   160.7   202.5   217.6   352.2   423.9   463.0   491.7   526.5   573.5   641.1   761.2  1373.0  7544.5  69945.6    70000
read      373.2   205.0   148.8   202.2   216.5   347.1   414.8   452.8   480.4   514.0   559.5   631.8   764.1  1165.2  7219.7  75072.6    75000
read      376.0   235.8   160.7   203.9   219.2   349.7   418.8   458.0   485.8   517.9   560.1   627.1   748.7  1054.3  8251.1  79936.4    80000
read      426.8   289.1   148.8   212.2   230.6   380.4   463.3   509.7   545.0   589.5   646.1   732.4  1324.1  1583.6 10641.6  84839.8    85000
read      392.8   216.1   148.8   215.6   234.1   371.5   438.8   475.9   502.5   533.6   572.3   629.6   755.9  1136.0  8045.5  90173.8    90000
read      365.8   174.8   148.8   208.1   224.7   344.7   403.1   438.1   463.9   494.1   532.4   589.2   699.9   933.8  7557.7  95145.4    95000
read      380.4   184.4   148.8   216.4   234.8   359.5   418.6   454.3   479.8   509.5   547.8   603.8   716.9  1011.6  8460.7 100098.0   100000
read      438.7   235.7   148.8   228.0   252.6   402.0   473.5   516.5   548.8   593.8   665.7   798.3   981.8  1166.7  8102.7 104968.6   105000
read      438.1   201.2   160.7   247.7   275.3   416.7   485.1   524.4   550.6   582.6   621.5   677.9   791.3  1140.7  8056.8 109924.8   110000
Warning! Detected max cpu usage > 95%
CPU Usage Stats (avg/min/max): 90.10%,62.63%,100.00%