#type       avg     std     min      p5     p10     p50     p67     p75     p80     p85     p90     p95     p99    p999   p9999     QPS   target
read      405.8   221.9   148.8   208.2   226.8   382.6   453.7   497.7   531.0   569.1   612.9   668.8   766.5  1613.7  9970.8  29945.6    30000
read      402.4   186.1   148.8   208.6   226.5   382.3   452.2   493.5   525.7   565.2   612.4   671.1   771.0  1144.7  6606.9  34872.2    35000
read      413.1   525.8   160.7   208.8   226.9   391.1   464.7   504.8   536.5   575.2   622.6   685.2   799.6  1751.3  9686.1  39912.6    40000
read      396.4   263.1   148.8   203.7   219.6   367.1   438.5   480.0   512.8   556.4   612.3   680.6   797.3  1977.2 10077.9  44922.4    45000
read      395.1   236.1   148.8   201.7   217.4   365.4   441.8   483.4   514.9   554.6   608.4   679.7   792.9  2666.6  8550.0  50025.4    50000
read      391.2   199.5   148.8   203.2   218.6   364.3   439.7   479.8   508.8   548.0   601.3   673.9   790.8  1435.5  5948.6  55071.0    55000
read      383.2   190.6   160.7   202.6   217.0   356.9   430.3   469.5   499.7   536.7   586.7   658.3   777.0  1244.9  7145.9  60196.0    60000
read      390.2   226.5   148.8   203.0   218.4   363.7   439.9   481.3   509.6   545.0   590.4   661.1   788.4  1354.0  9813.0  65061.2    65000
read      395.7   218.0   148.8   205.2   221.7   369.9   451.4   492.2   520.0   551.6   593.3   662.8   795.7  1134.6  9203.1  69911.0    70000
read      378.0   209.6   148.8   202.9   218.0   351.4   422.6   462.5   491.2   524.8   568.8   635.6   763.0  1021.6  8372.7  74674.2    75000
read      382.7   208.3   160.7   207.3   223.3   357.4   428.5   467.5   495.4   527.6   569.2   634.6   763.3  1081.8  9054.8  79981.8    80000
read      381.8   188.0   148.8   207.9   224.8   357.2   426.7   464.9   492.4   524.5   565.8   629.8   754.3  1058.6  8214.1  85006.2    85000
read      366.5   174.0   148.8   205.9   221.8   343.9   405.1   441.7   467.8   499.2   539.7   601.1   721.6   916.1  6187.1  90015.0    90000
read      377.8   189.6   148.8   211.5   229.0   355.5   417.3   453.2   479.1   510.2   549.8   609.0   730.3  1251.7  7955.9  94941.1    95000
read      391.4   214.3   148.8   217.0   235.8   365.2   426.0   462.4   490.6   525.2   570.3   640.4   835.0  1271.7  8241.2 100119.9   100000
read      473.9   260.2   148.8   260.4   291.0   449.5   530.0   572.4   601.1   634.5   677.8   739.0   857.9  1114.9  9915.8 105083.8   105000
read      401.3   190.1   160.7   233.3   257.0   381.7   439.4   473.9   499.9   529.7   565.9   620.0   732.9   931.3  7675.9 109830.1   110000
Warning! Detected max cpu usage > 95%
CPU Usage Stats (avg/min/max): 90.06%,62.69%,100.00%