#type       avg     std     min      p5     p10     p50     p67     p75     p80     p85     p90     p95     p99    p999   p9999     QPS   target
read      410.7   232.4   160.7   209.5   228.8   389.6   459.9   500.8   532.8   568.7   609.6   664.9   774.6  3011.4  8138.8  30013.0    30000
read      414.8   215.8   160.7   209.7   228.9   396.0   468.5   508.8   541.2   580.3   624.8   681.7   793.1  1916.5  8953.8  35070.0    35000
read      403.2   226.6   148.8   206.6   223.5   379.5   453.4   494.7   526.9   566.0   614.0   676.8   786.8  2336.2  8142.6  39914.2    40000
read      404.4   290.4   160.7   206.8   223.7   377.3   450.5   491.5   522.9   563.0   615.3   681.0   792.5  2678.3 15278.8  45033.0    45000
read      405.9   236.1   148.8   207.2   224.6   379.6   455.5   497.1   529.0   569.2   621.7   692.2   813.8  1296.4 10721.8  49999.0    50000
read      391.3   219.9   148.8   201.4   216.4   364.6   439.8   480.4   510.9   550.8   605.0   675.3   784.8  1431.0  8466.6  54983.0    55000
read      377.2   220.8   148.8   200.8   214.8   348.1   417.7   456.8   487.2   526.8   581.0   658.1   773.8  1399.1  8539.8  59846.6    60000
read      388.9   244.4   148.8   204.3   219.5   361.5   435.9   475.1   504.2   540.3   589.0   660.9   782.0  1269.2 11527.4  64923.7    65000
read      384.1   202.4   148.8   204.2   219.6   357.5   431.6   471.5   500.8   534.9   579.0   645.9   773.4  1448.2  6747.5  69783.1    70000
read      366.5   197.6   148.8   200.3   214.4   340.1   405.8   444.3   471.4   505.2   549.0   623.0   748.0  1146.7  8475.8  74694.0    75000
read      384.5   224.4   148.8   206.5   222.9   358.3   429.9   469.1   497.0   529.7   572.5   639.5   770.3  1171.9  9317.4  80006.5    80000
read      367.1   214.8   148.8   203.3   218.1   342.3   404.5   441.5   467.5   499.7   542.0   611.9   741.3  1042.3 10537.2  84990.3    85000
read      383.4   226.9   148.8   208.8   226.2   355.4   421.6   460.0   488.7   523.1   567.2   635.3   797.4  1275.5  9424.5  89961.3    90000
read      377.2   195.2   160.7   213.2   230.7   355.2   416.8   452.3   477.9   508.0   546.5   603.9   720.4  1082.4  8192.2  94859.2    95000
read      366.3   164.1   148.8   211.3   228.2   346.1   401.2   434.3   459.6   489.8   528.7   585.3   695.9  1107.6  6022.9 100144.0   100000
read      404.0   186.2   160.7   226.7   248.7   379.8   441.0   477.5   504.8   538.5   581.8   651.4   837.2  1082.4  6021.3 105028.0   105000
read      387.2   178.7   160.7   226.4   247.4   368.2   423.1   455.9   480.1   509.5   547.3   601.0   711.1   927.0  7788.5 110142.9   110000
Warning! Detected max cpu usage > 95%
CPU Usage Stats (avg/min/max): 90.07%,58.29%,100.00%