Random waveform, random seed
Total number of intervals = 120 (21257, 98472, 99385, 54860, 74812, 34374, 56412, 25022, 13667, 40991, 17264, 68474, 16258, 78637, 98263, 9582, 68051, 22444, 99304, 17067, 85588, 72585, 47753, 39595, 20887, 62903, 63533, 99741, 55201, 7634, 13982, 19855, 97801, 36001, 47073, 19170, 86409, 96132, 93091, 8683, 70231, 96349, 36092, 56170, 45086, 56355, 15811, 70698, 61639, 88560, 55595, 72643, 64080, 72644, 85604, 61949, 87359, 10901, 94842, 72605, 84828, 20798, 80234, 61141, 80390, 21672, 43890, 5333, 11671, 32970, 21506, 19175, 68977, 20688, 50117, 57099, 77177, 76678, 47281, 82491, 74986, 15991, 52696, 88814, 41079, 76563, 17491, 81333, 96770, 86331, 25887, 22408, 77311, 40381, 32535, 25963, 60651, 16279, 42716, 33724, 61095, 70459, 30772, 39467, 55219, 25868, 86768, 52291, 26145, 72902, 44359, 96828, 12564, 28113, 88793, 69276, 6714, 39313, 35453, 51764)
Average QPS expected = 52763
Timestamp start: 1684510768352
Timestamp end: 1684511968760

#type       avg     std     min      p5     p10     p50     p67     p75     p80     p85     p90     p95     p99    p999   p9999      QPS   target
read      464.6   526.1   160.7   216.6   234.2   407.2   513.2   567.0   602.8   639.4   684.5   758.3  1172.4  5849.1 28699.7  21247.8    21257
read      356.4   633.3   160.7   205.7   218.3   294.3   337.1   363.6   385.0   414.1   458.2   534.5  1155.7  9650.5 30696.1  98362.0    98472
read      447.2   321.1   160.7   222.5   240.7   382.8   467.9   524.0   569.8   631.2   731.0   901.5  1171.3  2954.5 10597.3  99307.4    99385
read      465.0   490.6   160.7   214.2   229.4   357.8   462.1   533.2   588.6   658.7   767.6  1000.6  1752.2  5342.3 17092.1  54846.1    54860
read      393.9   348.8   160.7   210.4   224.1   318.0   386.1   437.3   481.0   536.3   613.4   785.7  1396.6  3394.5 11971.9  74717.8    74812
read      469.0   525.2   160.7   215.5   231.3   390.2   503.4   567.9   616.3   676.1   753.9   862.7  1252.0  6732.6 19856.7  34367.5    34374
read      473.6   542.2   160.7   214.0   229.3   373.8   484.1   556.6   618.3   695.9   803.4   988.6  1516.0  6113.5 28770.6  56424.3    56412
read      484.0   600.9   160.7   216.3   233.1   409.3   524.1   593.5   639.6   687.3   745.3   829.1  1230.4  7637.6 30120.7  24978.7    25022
read      486.0   664.2   160.7   225.1   245.1   436.9   526.7   570.3   599.4   631.7   672.7   738.4  1156.8  9831.7 29776.6  13730.4    13667
read      496.2   655.8   160.7   217.3   233.6   402.6   517.9   588.8   645.5   714.7   799.3   935.7  1452.3  8006.1 31403.3  41076.1    40991
read      475.0   546.3   160.7   220.0   237.3   418.4   524.6   576.9   611.2   646.8   688.6   761.1  1067.8  6514.5 30419.7  17229.3    17264
read      396.4   358.4   160.7   209.8   223.5   319.2   392.9   448.8   494.7   550.3   625.4   790.5  1342.2  3359.0 13593.2  68510.9    68474
read      491.0   848.8   160.7   219.6   236.8   421.4   520.6   568.8   600.7   634.7   676.6   742.8  1237.8 10903.9 34574.7  16271.7    16258
read      397.0   376.6   160.7   209.9   223.7   315.5   379.2   428.5   471.3   530.4   613.6   823.4  1522.6  3895.2 11710.9  78685.9    78637
read      371.6   369.8   160.7   211.8   225.6   314.3   363.3   395.0   421.4   456.6   507.7   611.4  1579.1  2965.3 13139.5  98133.9    98263
read      497.2   988.1   173.5   233.4   255.8   421.9   488.7   522.3   545.1   574.2   611.7   676.6  2359.7 10945.2 32425.0   9564.6     9582
read      400.8   385.9   160.7   211.1   224.7   321.4   395.3   451.4   498.5   555.5   629.1   788.7  1397.6  3465.5 14311.4  68026.0    68051
read      485.1   591.6   160.7   217.6   234.1   412.9   528.0   595.3   641.3   688.1   744.6   829.8  1150.3  8046.7 29031.7  22399.4    22444
read      404.9   418.4   160.7   212.5   226.5   320.5   370.8   404.5   436.1   481.2   551.2   909.0  1727.3  3796.1 12798.7  99306.6    99304
read      478.4   661.4   160.7   221.0   238.5   416.6   512.7   561.7   596.6   634.4   680.7   758.4  1386.2  8810.9 31243.5  17100.4    17067
read      366.4   304.8   160.7   210.4   223.8   308.3   359.9   395.6   427.3   469.6   531.7   637.3  1374.1  2987.4  9823.2  85659.5    85588
read      402.3   465.2   160.7   211.5   225.3   320.0   387.1   437.6   482.7   539.6   615.9   787.8  1485.4  4348.4 16454.1  72446.1    72585
read      461.8   425.0   160.7   213.9   229.5   381.0   492.5   561.6   616.1   683.2   774.4   910.5  1303.9  4356.9 14163.5  47694.2    47753
read      486.6   608.2   160.7   215.5   231.8   396.8   508.4   579.8   635.5   703.3   785.5   906.8  1364.9  9599.4 30613.4  39691.0    39595
read      477.9   637.4   160.7   215.6   232.4   406.8   520.6   581.3   619.5   659.5   706.5   781.2  1185.4  8120.3 30328.0  20762.4    20887
read      416.7   432.1   160.7   211.0   225.2   329.7   413.8   478.0   530.6   590.3   673.6   842.9  1372.6  4116.8 16270.1  63000.9    62903
read      412.2   331.7   160.7   210.9   225.1   330.7   415.9   478.9   529.6   588.5   670.0   834.7  1352.8  3757.0  8768.2  63490.5    63533
read      386.4   302.5   160.7   213.4   227.5   320.5   372.1   405.7   434.4   473.0   534.9   692.1  1661.9  2765.5  9498.3  99775.3    99741
read      459.2   580.3   160.7   213.9   228.8   348.7   447.0   517.5   571.1   635.6   740.4   970.4  1754.4  6722.0 30166.7  55249.1    55201
read      499.6   984.9   173.5   246.5   272.0   422.6   484.2   517.5   540.3   568.8   607.0   679.6  2133.2 10985.0 35878.6   7590.3     7634
read      513.6  1015.9   160.7   225.9   246.2   427.6   521.2   567.8   599.9   633.8   676.7   747.3  1935.5 12871.4 32418.2  13948.7    13982
read      482.1   634.6   160.7   218.7   235.6   410.9   524.3   584.8   623.5   664.0   712.6   792.7  1156.9  8007.1 30939.4  19814.5    19855
read      402.8   369.4   148.8   212.1   226.1   321.7   371.9   404.2   433.8   475.4   543.8   909.1  1721.7  2991.9 10525.3  98036.8    97801
read      468.2   591.5   160.7   212.8   228.4   382.4   495.0   561.3   612.5   675.9   755.6   871.5  1333.2  7020.4 30972.1  35952.5    36001
read      473.4   508.5   160.7   212.1   227.3   376.4   492.1   564.8   624.6   699.7   801.0   976.2  1472.0  6090.8 16903.0  47110.5    47073
read      480.0   682.8   160.7   217.1   234.1   409.8   521.8   579.5   617.2   656.0   700.8   777.2  1205.3  8046.6 32080.8  19129.3    19170
read      371.8   340.0   160.7   208.5   221.8   306.9   358.7   392.7   422.1   463.2   525.0   636.9  1649.1  2891.3  9449.1  86337.9    86409
read      334.8   231.0   160.7   208.5   221.4   300.7   347.9   377.9   401.4   432.2   475.2   544.8   706.2  2627.4  8539.5  96261.0    96132
read      334.3   218.8   160.7   208.1   221.1   300.1   347.1   377.6   401.8   433.9   479.5   549.5   710.3  2235.4  8643.0  92977.3    93091
read      482.7   888.7   160.7   239.6   264.7   414.9   476.6   508.4   532.1   558.4   592.8   655.6  1804.0 10689.7 31997.6   8650.7     8683
read      395.7   300.4   148.8   210.4   224.1   319.2   391.0   444.9   491.3   548.0   626.8   800.7  1383.2  2818.2  9566.2  70138.4    70231
read      373.3   339.9   160.7   211.7   225.3   315.5   366.6   398.5   425.6   461.6   513.7   616.9  1604.7  2921.6 11166.8  96521.4    96349
read      477.3   583.0   160.7   215.0   231.5   395.3   503.8   572.0   626.3   687.3   763.7   871.6  1274.9  7231.6 30449.8  36137.0    36092
read      483.0   582.4   160.7   214.3   229.6   368.1   483.7   562.3   627.8   712.8   830.0  1041.1  1647.0  6949.7 30116.4  55975.5    56170
read      474.6   499.8   160.7   213.6   229.5   386.8   500.1   571.9   631.1   702.9   797.3   940.7  1381.1  5106.7 20864.6  45100.2    45086
read      474.9   562.0   160.7   211.1   226.3   364.0   475.6   550.6   614.2   696.1   811.1  1021.5  1618.4  6448.0 24221.1  56341.5    56355
read      471.5   679.9   160.7   219.4   236.6   408.2   504.9   550.6   582.5   616.9   657.3   722.3  1213.8  8713.7 30879.2  15876.4    15811
read      424.9   404.8   160.7   211.6   225.8   331.2   412.0   473.7   526.1   592.2   693.1   921.5  1563.0  3962.4 12406.0  70730.0    70698
read      423.1   373.6   160.7   210.8   225.1   332.5   420.5   485.4   536.0   598.9   690.9   885.8  1451.3  4046.2 11866.9  61642.0    61639
read      348.5   293.0   160.7   208.9   221.9   303.3   353.7   387.0   414.2   450.9   501.2   580.9   952.5  2972.9 11778.2  88675.5    88560
read      447.9   497.6   160.7   211.3   226.0   349.4   451.6   521.2   574.3   640.0   740.1   926.1  1510.5  6266.2 17465.2  55573.4    55595
read      401.2   347.9   148.8   212.0   226.0   321.7   392.0   445.3   490.6   546.9   630.0   821.0  1433.1  3137.7 10998.8  72531.4    72643
read      401.3   380.0   160.7   211.3   225.2   322.4   398.0   456.2   504.1   561.1   634.4   791.9  1314.7  3698.5 12870.8  64141.1    64080
read      398.8   382.3   160.7   210.8   224.6   318.9   387.9   438.8   483.5   540.8   619.5   803.8  1482.3  3475.5 13301.6  72664.8    72644
read      378.6   377.0   160.7   209.8   223.2   309.8   361.9   396.9   428.1   471.8   538.4   661.3  1682.4  3307.6 11515.2  85537.0    85604
read      429.1   448.2   160.7   209.7   224.2   335.5   428.2   495.9   547.7   614.4   708.0   893.1  1431.9  5070.5 13885.9  61978.8    61949
read      347.2   272.6   160.7   208.6   221.8   304.0   354.3   388.0   415.8   453.5   505.6   585.4   899.9  2598.0  9244.5  87435.9    87359
read      485.0   909.9   160.7   227.8   249.1   416.1   487.6   521.8   543.8   571.9   607.0   667.3  2091.8 10973.9 35139.4  10948.0    10901
read      424.6   481.8   160.7   214.3   228.8   334.9   390.4   425.2   455.6   498.6   572.3  1094.3  1779.1  5084.1 13971.4  94820.2    94842
read      383.0   324.9   148.8   209.0   222.6   313.3   377.4   427.7   469.7   524.9   595.3   734.9  1270.1  3165.0 10950.4  72647.4    72605
read      384.6   412.5   160.7   210.2   223.7   311.8   362.2   395.5   425.1   466.5   530.9   645.2  1740.0  4599.2 11058.7  84955.1    84828
read      453.5   550.4   160.7   215.6   232.5   393.0   497.5   550.8   587.7   626.6   671.2   737.4  1004.6  7453.1 29205.8  20815.2    20798
read      397.3   354.6   160.7   210.0   224.0   316.4   379.6   429.5   473.7   534.6   621.1   841.5  1523.7  2998.9 11342.2  80141.3    80234
read      397.8   335.6   160.7   209.4   223.0   319.4   396.6   458.5   507.3   564.0   635.0   780.8  1310.5  3840.0 12387.7  61215.9    61141
read      374.9   313.8   160.7   210.4   223.9   313.7   372.4   414.7   451.3   499.4   565.2   685.4  1264.3  2793.2  9573.4  80422.4    80390
read      483.2   759.5   160.7   216.9   233.9   402.4   513.9   576.1   618.0   661.1   709.7   785.9  1177.7 10377.9 31648.6  21721.0    21672
read      475.1   472.2   160.7   214.9   231.2   393.6   506.0   577.1   632.9   697.8   782.7   913.9  1393.1  5626.1 15401.5  43883.3    43890
read      439.7   507.1   173.5   262.9   288.8   402.9   448.3   471.7   492.2   514.3   544.4   594.6  1011.1  7573.0 29413.2   5314.6     5333
read      455.4   329.1   160.7   233.8   257.7   432.0   515.3   554.6   581.6   612.1   647.9   702.0   853.4  4914.4 13111.4  11621.4    11671
read      479.4   373.5   160.7   217.9   234.5   410.6   529.1   600.7   655.5   722.5   803.9   925.3  1255.6  2984.4 12655.8  32989.8    32970
read      451.2   329.1   160.7   218.8   236.6   407.8   518.1   574.2   611.1   648.6   691.3   763.2   940.1  3982.9 12845.4  21588.7    21506
read      445.8   385.2   160.7   219.5   237.4   409.8   512.7   561.6   593.9   628.1   667.8   727.4   868.5  5102.9 16605.0  19199.6    19175
read      385.2   302.3   160.7   213.3   227.1   320.5   389.0   440.3   484.5   538.4   606.7   719.1  1081.0  3551.4  8513.6  69171.2    68977
read      430.4   390.5   160.7   220.6   236.6   391.1   484.1   525.8   552.0   583.3   625.3   699.3   949.1  4440.2 17060.6  20749.2    20688
read      401.2   358.9   160.7   212.1   226.0   325.4   413.7   482.4   531.1   581.9   639.5   740.4  1079.2  4726.6  9648.8  50182.1    50117
read      399.7   350.4   160.7   213.6   227.6   325.8   405.1   469.3   519.5   573.5   637.8   747.4  1102.2  4081.2 10123.7  57043.6    57099
read      375.3   315.9   160.7   212.7   226.2   316.5   377.5   422.7   461.4   510.9   578.8   685.4  1022.2  3032.9 10061.4  77325.6    77177
read      382.1   295.6   160.7   214.5   228.1   322.2   386.3   431.8   470.2   521.9   589.4   703.0  1067.7  2971.0 10390.4  76643.3    76678
read      385.8   246.2   160.7   212.5   226.6   327.3   406.6   467.9   513.7   560.4   611.8   684.2   917.3  2651.9  8041.2  47274.1    47281
read      339.6   202.8   160.7   208.0   221.3   306.1   358.5   392.0   419.0   454.1   502.0   573.4   707.7  1142.4  8747.5  82722.3    82491
read      344.1   165.2   160.7   208.2   221.7   309.9   364.5   399.9   429.6   467.9   519.7   587.9   717.3  1135.3  5742.5  74956.9    74986
read      409.6   265.7   160.7   225.5   244.4   397.7   461.9   492.1   511.8   534.8   563.0   610.4   745.8  3199.9 11068.6  16044.9    15991
read      371.4   208.4   160.7   213.7   228.5   327.0   395.6   445.2   485.3   530.4   578.4   637.4   769.3  1345.4  8987.6  52790.5    52696
read      340.6   178.3   160.7   209.5   223.3   309.5   361.0   393.2   418.7   451.6   497.1   566.2   705.4  1395.5  6396.3  88759.8    88814
read      383.1   215.6   160.7   212.3   226.9   332.7   419.3   478.9   519.4   559.7   603.2   661.2   797.1  1673.6  8598.4  41179.1    41079
read      347.4   188.0   160.7   209.3   223.0   311.6   366.9   403.1   433.6   472.6   525.5   594.0   730.6  1107.8  7479.4  76509.2    76563
read      405.8   229.4   160.7   222.2   240.3   393.5   462.2   494.4   516.0   540.3   571.4   618.5   744.9  2388.2  9241.5  17508.4    17491
read      336.1   159.4   148.8   206.7   220.0   302.6   354.8   389.1   416.6   452.5   501.2   570.8   702.5  1148.5  5444.5  81162.8    81333
read      327.7   175.4   160.7   207.4   220.3   298.7   345.9   375.2   398.6   428.4   468.6   534.4   675.1  1104.4  8330.8  96758.0    96770
read      336.5   169.3   148.8   207.6   220.8   304.0   355.9   389.1   415.1   448.7   494.3   562.2   705.0  1352.0  5616.5  86259.5    86331
read      401.4   248.9   160.7   216.0   231.4   362.5   460.5   503.6   530.7   559.7   593.0   647.3   796.5  3095.5  9574.5  25827.6    25887
read      399.7   287.2   160.7   217.6   233.3   372.9   457.8   494.9   519.0   545.0   577.7   627.6   750.4  2761.2 12437.1  22505.4    22408
read      337.4   201.2   160.7   206.6   219.8   302.9   354.9   389.7   418.4   456.2   505.5   574.4   695.5  1097.8  8125.0  77305.2    77311
read      376.9   199.8   160.7   210.8   225.2   329.5   415.0   472.4   510.8   548.6   589.5   643.8   772.0  1127.9  8352.8  40375.2    40381
read      389.6   228.7   160.7   214.1   228.9   344.1   442.2   494.8   526.6   558.4   593.8   645.9   781.7  1235.2  9873.5  32495.7    32535
read      397.8   248.2   160.7   216.3   231.5   363.3   458.8   501.6   528.5   556.7   589.5   638.8   776.7  1681.7 10793.2  26048.6    25963
read      356.7   193.7   160.7   209.8   223.9   315.1   375.0   420.5   458.5   504.1   555.8   620.2   741.8  1171.5  7450.2  60542.4    60651
read      414.0   307.2   160.7   225.2   244.4   398.3   463.1   494.0   514.8   539.2   571.2   622.3   765.1  4098.8 13231.5  16249.9    16279
read      373.5   192.9   160.7   209.9   224.3   327.0   406.0   463.5   502.6   542.6   585.7   641.6   773.6  1254.8  7660.5  42702.0    42716
read      386.5   222.8   160.7   212.1   226.9   340.8   435.3   487.6   520.3   553.1   590.5   644.9   785.0  1609.2  9770.2  33721.7    33724
read      357.0   218.5   160.7   209.1   223.2   317.5   378.0   420.7   455.8   499.1   549.1   614.4   742.6  1283.9  8297.8  61269.1    61095
read      348.2   173.8   160.7   208.0   221.8   312.1   368.7   406.3   437.8   477.8   529.4   596.6   735.6  1147.9  7442.8  70502.1    70459
read      392.0   224.8   160.7   212.5   227.4   346.1   448.4   500.1   531.3   563.5   599.5   651.6   783.6  1653.3  9017.6  30767.2    30772
read      381.2   250.6   148.8   210.4   224.9   331.6   418.1   475.6   514.9   553.1   594.6   649.0   775.7  2052.2  9818.9  39430.0    39467
read      365.7   198.8   160.7   210.9   225.2   320.6   388.0   436.7   477.6   525.4   575.7   637.4   765.1  1157.4  8123.8  55306.6    55219
read      391.4   231.3   160.7   214.1   229.2   357.0   451.4   492.9   518.7   545.6   578.9   627.2   749.2  2039.4  9404.5  25886.0    25868
read      340.0   167.3   148.8   208.3   221.7   308.0   361.0   393.7   419.8   453.3   499.3   570.2   713.9  1281.4  6366.6  86752.8    86768
read      365.7   196.7   160.7   210.3   224.7   320.3   388.8   439.3   481.0   527.3   576.2   636.1   760.0  1184.7  7928.4  52194.6    52291
read      395.8   249.4   160.7   215.0   230.2   359.0   455.5   499.6   526.9   555.3   588.9   637.8   769.8  1635.9 10830.7  26182.5    26145
read      348.4   198.8   160.7   208.2   221.9   311.0   368.1   405.6   437.3   477.8   529.8   596.2   728.1  1425.5  7579.3  72928.7    72902
read      376.0   214.3   160.7   210.8   225.4   328.3   406.6   463.8   504.7   545.3   589.2   646.4   781.9  1378.8  8838.4  44384.5    44359
read      325.9   145.8   160.7   206.2   219.1   296.9   344.5   374.4   398.4   428.8   469.2   535.0   679.3  1081.9  4196.4  96722.1    96828
read      415.8   285.9   160.7   237.0   259.2   403.4   456.8   483.4   501.9   524.3   549.5   598.3   740.1  4183.8 11336.5  12514.3    12564
read      408.9   244.7   160.7   221.3   238.6   373.9   461.7   507.6   537.1   568.7   605.0   659.7   808.1  2279.7 10042.3  28219.6    28113
read      332.6   163.8   148.8   207.0   220.2   301.0   350.4   382.5   407.1   440.2   485.8   552.7   690.2  1225.4  6527.1  88724.2    88793
read      345.9   182.6   160.7   207.4   221.2   308.0   362.7   400.9   434.7   477.8   531.8   598.2   726.1  1190.7  7515.1  69265.9    69276
read      414.7   367.1   173.5   258.5   284.5   390.5   431.9   455.7   471.4   495.7   527.1   582.5   732.1  5203.6 15528.8   6691.0     6714
read      392.8   207.7   160.7   218.0   233.8   357.7   434.0   482.7   517.2   553.3   593.1   650.0   778.9  1178.0  8770.1  39402.4    39313
read      391.7   202.7   160.7   216.1   231.8   356.1   437.0   486.1   519.0   553.7   591.6   643.3   781.8  1216.9  7963.6  35534.1    35453
read      368.4   221.0   160.7   209.7   224.2   324.4   393.5   442.9   482.0   526.7   575.2   636.3   772.6  1272.6  8739.5  51779.4    51764

Total QPS = 52770.2 (63324208 / 1200.0s)

Total connections = 64
Misses = 0 (0.0%)
Skipped TXs = 0 (0.0%)

RX 15641079376 bytes :   12.4 MB/s
TX          0 bytes :    0.0 MB/s
Warning! Detected max cpu usage > 95%
CPU Usage Stats (avg/min/max): 99.94%,48.48%,100.00%
