1684405188.034857 [0.0, 0.0, 0.0, 0.0]
1684405189.036017 [0.0, 1.1, 0.0, 0.0]
1684405190.037335 [1.1, 1.1, 1.0, 0.0]
1684405191.038584 [0.0, 0.0, 0.0, 0.0]
1684405192.039882 [0.0, 0.0, 1.0, 0.0]
1684405193.041141 [1.0, 2.1, 1.0, 1.0]
1684405194.042429 [1.0, 0.0, 0.0, 1.0]
1684405195.043712 [0.0, 2.0, 1.0, 0.0]
1684405196.044961 [2.2, 0.0, 2.0, 1.0]
1684405197.046231 [0.0, 1.1, 1.0, 1.0]
1684405198.047576 [1.1, 0.0, 0.0, 1.0]
1684405199.04888 [1.1, 0.0, 0.0, 0.0]
1684405200.050091 [1.1, 1.1, 1.0, 0.0]
1684405201.051385 [1.0, 0.0, 0.0, 0.0]
1684405202.052642 [0.0, 1.1, 1.0, 1.0]
1684405203.053909 [3.3, 1.1, 1.1, 1.0]
1684405204.055275 [1.1, 2.2, 0.0, 0.0]
1684405205.056528 [1.1, 1.1, 0.0, 0.0]
1684405206.057814 [1.1, 2.2, 0.0, 0.0]
1684405207.059142 [0.0, 0.0, 1.0, 0.0]
1684405208.060421 [1.0, 0.0, 0.0, 1.0]
1684405209.061676 [0.0, 1.1, 0.0, 0.0]
1684405210.063062 [2.4, 2.4, 2.1, 1.1]
1684405211.064424 [1.2, 1.2, 0.0, 1.0]
1684405212.065706 [0.0, 1.2, 1.1, 1.1]
1684405213.067046 [0.0, 1.2, 1.1, 1.0]
1684405214.068341 [1.0, 0.0, 0.0, 0.0]
1684405215.069589 [1.0, 0.0, 0.0, 1.0]
1684405216.070929 [2.4, 2.4, 1.1, 1.1]
1684405217.072184 [1.2, 2.4, 0.0, 1.1]
1684405218.073449 [0.0, 0.0, 1.1, 0.0]
1684405219.074204 [1.2, 3.5, 1.1, 0.0]
1684405220.075559 [1.2, 2.4, 1.1, 1.1]
1684405221.076859 [1.0, 1.0, 0.0, 1.0]
1684405222.078189 [1.0, 2.1, 0.0, 1.0]
1684405223.079648 [1.3, 2.6, 0.0, 2.1]
1684405224.08096 [2.5, 1.3, 2.2, 1.1]
1684405225.081454 [2.5, 1.3, 1.1, 2.2]
1684405226.082714 [2.6, 3.8, 2.2, 0.0]
1684405227.084034 [2.4, 0.0, 1.1, 2.1]
1684405228.085335 [1.0, 1.0, 1.0, 1.0]
1684405229.086603 [2.2, 2.2, 1.0, 1.1]
1684405230.08792 [5.0, 2.6, 3.3, 1.1]
1684405231.089264 [2.6, 5.2, 2.2, 1.1]
1684405232.090513 [8.5, 5.2, 1.1, 2.2]
1684405233.09204 [2.6, 5.2, 2.2, 1.1]
1684405234.093319 [2.3, 1.2, 1.1, 2.1]
1684405235.094594 [1.0, 0.0, 1.0, 0.0]
1684405236.095871 [6.9, 4.7, 3.3, 2.1]
1684405237.097139 [10.1, 10.4, 1.2, 3.3]
1684405238.098422 [10.0, 9.1, 0.0, 1.1]
1684405239.099795 [6.5, 11.3, 3.5, 3.3]
1684405240.101042 [7.8, 11.4, 4.7, 3.3]
1684405241.102315 [3.3, 3.3, 1.1, 2.1]
1684405242.103578 [1.0, 1.0, 1.0, 1.0]
1684405243.104854 [11.1, 17.2, 2.2, 2.2]
1684405244.10613 [13.9, 14.3, 3.3, 5.7]
1684405245.107761 [15.0, 15.4, 3.3, 2.3]
1684405246.109138 [9.3, 16.5, 2.2, 6.7]
1684405247.110431 [9.2, 18.3, 1.1, 2.3]
1684405248.111807 [1.0, 3.1, 0.0, 2.0]
1684405249.113073 [1.0, 1.0, 1.0, 0.0]
1684405250.114368 [25.9, 28.2, 6.4, 6.7]
1684405251.115871 [27.9, 25.0, 4.3, 7.5]
1684405252.116737 [25.3, 26.2, 4.3, 3.4]
1684405253.118012 [26.7, 26.7, 5.4, 3.4]
1684405254.119489 [25.6, 24.7, 6.3, 7.4]
1684405255.120799 [0.0, 0.0, 1.0, 2.0]
1684405256.122079 [8.4, 5.4, 1.0, 1.1]
1684405257.123602 [41.1, 32.2, 6.7, 4.5]
1684405258.124962 [36.0, 30.2, 6.7, 8.7]
1684405259.126254 [41.2, 31.0, 4.5, 5.6]
1684405260.127636 [33.3, 29.9, 4.4, 5.6]
1684405261.128932 [22.2, 18.2, 3.2, 5.3]
1684405262.130216 [1.0, 0.0, 0.0, 0.0]
1684405263.131489 [20.4, 16.5, 4.2, 6.1]
1684405264.132826 [46.9, 43.0, 7.7, 10.8]
1684405265.13416 [47.4, 41.5, 7.6, 11.5]
1684405266.135515 [44.8, 34.5, 5.5, 3.4]
1684405267.136876 [38.5, 33.7, 3.3, 6.4]
1684405268.138137 [19.6, 22.8, 3.1, 3.2]
1684405269.139395 [0.0, 0.0, 0.0, 0.0]
1684405270.140632 [29.3, 36.0, 9.5, 7.7]
1684405271.141891 [40.2, 47.0, 7.8, 8.9]
1684405272.143374 [42.1, 44.2, 10.6, 6.8]
1684405273.144873 [40.9, 41.3, 6.6, 5.7]
1684405274.146162 [39.6, 40.2, 5.6, 8.7]
1684405275.147674 [11.0, 12.7, 4.0, 4.0]
1684405276.148985 [1.0, 0.0, 0.0, 0.0]
1684405277.150314 [52.0, 49.5, 3.4, 5.8]
1684405278.151258 [49.5, 49.5, 8.5, 5.8]
1684405279.152622 [49.5, 48.5, 8.3, 6.7]
1684405280.153952 [50.5, 45.8, 5.4, 8.7]
1684405281.155378 [45.4, 43.8, 7.3, 4.4]
1684405282.156712 [2.0, 2.0, 1.0, 1.0]
1684405283.15799 [12.0, 11.0, 3.0, 1.0]
1684405284.159468 [58.7, 55.3, 10.9, 8.1]
1684405285.160899 [53.1, 46.7, 8.5, 9.0]
1684405286.162178 [50.5, 51.0, 6.5, 7.0]
1684405287.163526 [55.1, 51.0, 3.3, 5.7]
1684405288.16489 [40.8, 42.0, 5.4, 6.6]
1684405289.166172 [1.0, 0.0, 1.0, 1.0]
1684405290.16742 [29.8, 25.0, 4.3, 3.3]
1684405291.168817 [58.3, 53.4, 6.8, 3.4]
1684405292.170127 [56.4, 49.5, 6.7, 4.5]
1684405293.171666 [56.9, 48.5, 9.8, 8.7]
1684405294.172998 [61.7, 53.5, 7.9, 4.6]
1684405295.174282 [37.5, 30.3, 5.3, 6.4]
1684405296.175563 [1.0, 0.0, 1.0, 0.0]
1684405297.176855 [38.6, 37.6, 6.3, 1.1]
1684405298.178193 [60.6, 57.8, 9.8, 8.9]
1684405299.179631 [63.8, 61.3, 9.0, 8.0]
1684405300.181033 [63.2, 59.6, 9.9, 12.1]
1684405301.182339 [60.0, 57.7, 4.5, 7.8]
1684405302.183794 [24.5, 21.2, 3.1, 5.2]
1684405303.185072 [0.0, 1.0, 0.0, 0.0]
1684405304.186373 [59.4, 54.4, 8.2, 10.5]
1684405305.187762 [61.5, 59.2, 11.5, 11.6]
1684405306.189238 [64.8, 59.8, 9.3, 10.6]
1684405307.189903 [61.2, 59.8, 7.2, 7.3]
1684405308.191243 [61.5, 56.6, 8.1, 9.4]
1684405309.192893 [12.6, 8.9, 1.0, 2.0]
1684405310.194188 [6.9, 7.0, 0.0, 0.0]
1684405311.195183 [67.3, 65.7, 13.3, 12.6]
1684405312.196515 [64.4, 63.7, 5.9, 11.5]
1684405313.197839 [68.3, 67.3, 6.0, 3.8]
1684405314.19921 [63.7, 64.4, 5.8, 9.4]
1684405315.199756 [62.9, 61.7, 10.0, 10.5]
1684405316.201025 [0.0, 0.0, 0.0, 1.0]
1684405317.202299 [22.8, 21.2, 2.1, 5.1]
1684405318.203858 [68.6, 69.9, 7.0, 9.1]
1684405319.205415 [71.0, 72.7, 13.3, 12.4]
1684405320.20691 [71.4, 73.8, 10.2, 9.2]
1684405321.208297 [72.2, 74.3, 8.1, 7.1]
1684405322.209749 [51.0, 50.0, 8.5, 4.4]
1684405323.21101 [1.0, 0.0, 1.0, 1.0]
1684405324.212311 [39.0, 39.8, 2.2, 2.2]
1684405325.213694 [77.3, 74.3, 7.0, 8.5]
1684405326.215177 [72.9, 70.5, 11.0, 7.2]
1684405327.216578 [78.9, 76.1, 11.2, 7.4]
1684405328.217968 [77.6, 73.6, 7.1, 5.0]
1684405329.219387 [34.0, 33.7, 4.3, 4.3]
1684405330.220667 [1.0, 0.0, 0.0, 0.0]
1684405331.221908 [63.2, 56.0, 7.1, 5.7]
1684405332.223457 [79.6, 72.1, 9.9, 8.2]
1684405333.224971 [81.3, 73.5, 9.9, 10.5]
1684405334.226404 [79.6, 74.3, 7.6, 6.0]
1684405335.227732 [79.4, 73.8, 12.0, 10.3]
1684405336.229066 [18.0, 17.0, 3.1, 2.1]
1684405337.230364 [0.0, 0.0, 0.0, 0.0]
1684405338.231615 [81.7, 79.8, 8.4, 7.3]
1684405339.233154 [84.0, 81.6, 7.2, 11.6]
1684405340.234495 [82.6, 80.9, 9.5, 12.5]
1684405341.235722 [81.1, 77.4, 6.0, 7.1]
1684405342.237082 [81.1, 79.6, 9.3, 9.4]
1684405343.238343 [0.0, 2.0, 2.0, 1.0]
1684405344.239583 [18.6, 17.2, 0.0, 3.1]
1684405345.241021 [73.1, 78.3, 9.4, 9.4]
1684405346.241516 [80.4, 85.8, 9.9, 5.1]
1684405347.242994 [79.0, 84.1, 6.3, 8.4]
1684405348.244428 [81.0, 85.8, 8.6, 7.4]
1684405349.245107 [60.6, 64.8, 4.8, 6.9]
1684405350.246246 [0.0, 1.0, 0.0, 0.0]
1684405351.247574 [35.3, 33.7, 1.1, 1.1]
1684405352.248975 [79.4, 81.0, 8.5, 6.1]
1684405353.250299 [82.5, 84.0, 9.9, 8.3]
1684405354.251755 [86.1, 87.7, 9.9, 9.6]
1684405355.253266 [87.7, 89.6, 8.9, 12.8]
1684405356.254833 [47.1, 47.1, 3.4, 4.4]
1684405357.256124 [0.0, 1.0, 0.0, 0.0]
1684405358.257415 [0.0, 0.0, 1.0, 2.0]
1684405359.258693 [0.0, 0.0, 0.0, 0.0]
1684405360.259983 [1.0, 1.0, 0.0, 1.0]
1684405361.261289 [0.0, 1.0, 0.0, 1.0]
1684405362.262575 [2.0, 1.0, 2.0, 1.0]
1684405363.263862 [0.0, 0.0, 0.0, 0.0]
1684405364.265137 [1.0, 1.0, 1.0, 1.0]
1684405365.266404 [1.0, 2.0, 1.0, 0.0]
1684405366.267671 [0.0, 1.0, 0.0, 0.0]
1684405367.268982 [1.0, 0.0, 0.0, 0.0]
