1684404772.031249 [0.0, 0.0, 0.0, 0.0]
1684404773.031732 [0.0, 1.0, 0.0, 0.0]
1684404774.033002 [1.1, 1.0, 1.0, 1.0]
1684404775.034249 [1.1, 1.0, 0.0, 1.0]
1684404776.035507 [0.0, 0.0, 1.0, 0.0]
1684404777.036806 [4.1, 1.0, 1.0, 0.0]
1684404778.038081 [0.0, 0.0, 0.0, 1.0]
1684404779.039342 [1.1, 1.0, 1.0, 0.0]
1684404780.040681 [0.0, 0.0, 0.0, 2.0]
1684404781.041932 [1.1, 0.0, 1.0, 0.0]
1684404782.043271 [3.4, 1.0, 0.0, 0.0]
1684404783.044535 [1.1, 2.0, 1.0, 0.0]
1684404784.045799 [1.0, 0.0, 0.0, 0.0]
1684404785.047062 [0.0, 0.0, 0.0, 0.0]
1684404786.04773 [1.2, 1.0, 2.0, 0.0]
1684404787.048987 [2.4, 0.0, 1.0, 0.0]
1684404788.050293 [0.0, 0.0, 0.0, 0.0]
1684404789.051628 [3.6, 2.0, 1.0, 1.0]
1684404790.052903 [1.2, 1.1, 3.0, 2.1]
1684404791.054167 [2.1, 1.0, 1.0, 0.0]
1684404792.055426 [0.0, 1.0, 0.0, 0.0]
1684404793.055729 [1.3, 1.1, 1.0, 1.1]
1684404794.056993 [1.3, 1.1, 1.1, 2.1]
1684404795.058313 [3.8, 0.0, 0.0, 0.0]
1684404796.059712 [1.3, 1.1, 2.1, 0.0]
1684404797.061016 [2.6, 1.1, 0.0, 1.1]
1684404798.062272 [1.0, 0.0, 0.0, 1.0]
1684404799.063539 [2.1, 0.0, 0.0, 0.0]
1684404800.064818 [4.1, 1.1, 0.0, 2.1]
1684404801.066078 [2.8, 0.0, 1.1, 1.1]
1684404802.067565 [2.8, 1.1, 0.0, 0.0]
1684404803.068893 [1.4, 0.0, 0.0, 1.1]
1684404804.070187 [7.3, 4.1, 2.1, 2.1]
1684404805.071473 [0.0, 0.0, 1.0, 0.0]
1684404806.072759 [4.5, 0.0, 0.0, 0.0]
1684404807.074024 [17.1, 2.2, 1.1, 1.1]
1684404808.075417 [13.5, 4.3, 3.2, 2.1]
1684404809.075728 [15.6, 2.2, 2.2, 1.1]
1684404810.076972 [9.7, 0.0, 1.1, 2.1]
1684404811.078242 [7.1, 3.1, 2.1, 1.0]
1684404812.079502 [0.0, 0.0, 0.0, 0.0]
1684404813.080827 [17.0, 2.1, 2.1, 1.0]
1684404814.082094 [31.8, 5.4, 6.3, 2.1]
1684404815.083573 [29.3, 2.2, 1.1, 2.1]
1684404816.084939 [20.0, 3.2, 3.2, 3.1]
1684404817.086236 [27.7, 2.2, 0.0, 2.1]
1684404818.087665 [9.7, 1.0, 0.0, 1.0]
1684404819.088972 [1.0, 1.0, 1.0, 2.0]
1684404820.090278 [35.5, 2.2, 5.2, 2.2]
1684404821.091728 [41.3, 5.3, 4.3, 3.3]
1684404822.092548 [39.5, 4.3, 5.4, 7.4]
1684404823.093826 [37.5, 2.2, 2.2, 4.3]
1684404824.095177 [40.7, 7.4, 3.3, 4.3]
1684404825.09664 [4.2, 2.0, 0.0, 1.0]
1684404826.09789 [4.0, 1.0, 0.0, 1.0]
1684404827.099205 [53.9, 5.3, 4.4, 4.4]
1684404828.100606 [52.0, 6.2, 4.4, 7.5]
1684404829.101876 [55.1, 5.4, 4.4, 7.5]
1684404830.103187 [50.5, 5.3, 5.5, 4.3]
1684404831.10473 [44.9, 2.1, 4.3, 2.2]
1684404832.106037 [1.0, 1.0, 0.0, 0.0]
1684404833.107328 [17.6, 1.0, 2.0, 2.0]
1684404834.108759 [63.7, 6.7, 8.5, 7.5]
1684404835.11002 [62.9, 8.5, 2.2, 8.2]
1684404836.111395 [58.9, 5.4, 7.3, 3.3]
1684404837.112803 [59.6, 5.4, 2.2, 2.2]
1684404838.114061 [41.2, 7.1, 3.2, 5.2]
1684404839.115339 [0.0, 0.0, 0.0, 1.0]
1684404840.115721 [34.6, 1.1, 2.1, 0.0]
1684404841.117029 [66.4, 5.6, 6.3, 6.5]
1684404842.118293 [64.0, 7.5, 2.2, 4.3]
1684404843.119683 [62.5, 2.2, 3.2, 4.3]
1684404844.12103 [61.5, 5.4, 5.2, 6.3]
1684404845.122297 [34.0, 0.0, 0.0, 2.1]
1684404846.123588 [0.0, 1.0, 0.0, 1.0]
1684404847.124861 [51.4, 3.2, 4.2, 1.1]
1684404848.126175 [70.4, 7.3, 6.4, 8.5]
1684404849.127567 [70.2, 3.3, 3.3, 5.5]
1684404850.128917 [69.1, 4.3, 4.3, 4.4]
1684404851.130223 [66.4, 3.2, 3.3, 2.2]
1684404852.131572 [20.0, 4.0, 0.0, 2.1]
1684404853.13285 [1.0, 0.0, 0.0, 1.0]
1684404854.134098 [71.4, 5.5, 3.3, 4.4]
1684404855.135434 [72.6, 5.5, 4.3, 3.3]
1684404856.136848 [72.1, 5.4, 4.3, 5.4]
1684404857.138136 [72.7, 3.4, 4.3, 3.3]
1684404858.139504 [72.2, 7.5, 4.3, 7.4]
1684404859.14091 [6.9, 0.0, 1.0, 0.0]
1684404860.14221 [14.9, 1.0, 1.0, 2.0]
1684404861.143724 [72.9, 3.2, 3.2, 3.4]
1684404862.145172 [77.1, 3.3, 3.3, 7.9]
1684404863.146458 [78.4, 2.2, 3.3, 3.4]
1684404864.147903 [77.7, 5.4, 2.2, 5.7]
1684404865.149228 [63.4, 2.1, 5.2, 5.4]
1684404866.150499 [0.0, 1.0, 0.0, 0.0]
1684404867.151773 [34.0, 1.1, 2.1, 1.1]
1684404868.153093 [84.2, 3.4, 5.4, 3.3]
1684404869.154429 [85.2, 4.5, 4.4, 2.2]
1684404870.155777 [81.6, 5.5, 5.4, 4.3]
1684404871.156532 [83.5, 3.3, 2.2, 2.2]
1684404872.157825 [55.1, 3.2, 2.1, 1.1]
1684404873.159081 [1.0, 1.0, 0.0, 1.0]
1684404874.160303 [54.2, 3.2, 4.3, 1.1]
1684404875.161555 [85.3, 3.4, 4.6, 2.3]
1684404876.162933 [86.7, 3.4, 1.2, 4.5]
1684404877.164287 [87.2, 1.2, 4.5, 1.1]
1684404878.165615 [85.7, 5.6, 2.4, 3.4]
1684404879.166959 [35.6, 1.1, 4.2, 3.1]
1684404880.168229 [1.0, 1.0, 0.0, 0.0]
1684404881.169492 [73.3, 3.3, 3.4, 2.3]
1684404882.170944 [89.9, 5.6, 6.9, 9.0]
1684404883.172333 [89.1, 3.4, 4.6, 2.4]
1684404884.173668 [89.9, 6.7, 6.9, 5.9]
1684404885.175017 [90.7, 5.6, 5.7, 5.9]
1684404886.175739 [16.8, 1.0, 0.0, 1.0]
1684404887.176985 [5.0, 1.0, 0.0, 1.0]
1684404888.177447 [92.4, 2.3, 2.4, 2.3]
1684404889.178421 [91.7, 5.5, 6.8, 8.8]
1684404890.179758 [92.5, 5.6, 4.5, 4.5]
1684404891.181133 [94.3, 3.4, 2.4, 4.6]
1684404892.182435 [90.4, 3.4, 5.7, 1.2]
1684404893.183704 [1.0, 1.0, 1.0, 0.0]
1684404894.184158 [27.0, 1.0, 0.0, 0.0]
1684404895.185598 [100.0, 3.4, 3.4, 3.5]
1684404896.187019 [100.0, 5.6, 4.5, 4.7]
1684404897.188377 [100.0, 2.3, 1.2, 5.6]
1684404898.189846 [99.0, 8.7, 2.3, 5.7]
1684404899.191254 [73.3, 3.3, 2.2, 4.4]
1684404900.192515 [1.0, 0.0, 0.0, 1.0]
1684404901.193787 [49.0, 3.1, 2.2, 2.1]
1684404902.195137 [100.0, 5.6, 4.7, 3.4]
1684404903.195726 [100.0, 2.3, 4.7, 3.4]
1684404904.197065 [100.0, 3.4, 4.7, 5.5]
1684404905.198469 [100.0, 2.3, 3.5, 1.1]
1684404906.199777 [51.0, 2.1, 3.2, 3.2]
1684404907.20105 [1.0, 0.0, 0.0, 0.0]
1684404908.202332 [71.0, 5.6, 2.2, 4.4]
1684404909.203712 [100.0, 9.1, 9.9, 7.0]
1684404910.205063 [100.0, 5.7, 1.2, 6.7]
1684404911.206457 [100.0, 3.5, 4.5, 5.7]
1684404912.207845 [100.0, 5.7, 3.4, 6.8]
1684404913.209312 [29.7, 1.0, 1.0, 3.1]
1684404914.210566 [2.0, 0.0, 0.0, 0.0]
1684404915.211817 [93.0, 3.5, 2.3, 3.5]
1684404916.212623 [100.0, 5.9, 3.4, 6.0]
1684404917.213973 [100.0, 4.8, 4.5, 1.2]
1684404918.215376 [100.0, 6.9, 4.5, 6.9]
1684404919.216873 [100.0, 5.9, 5.6, 4.8]
1684404920.218253 [7.1, 1.0, 1.0, 1.0]
1684404921.219519 [16.0, 1.0, 0.0, 0.0]
1684404922.220902 [100.0, 6.0, 6.8, 3.5]
1684404923.222318 [100.0, 2.4, 3.5, 6.7]
1684404924.223785 [100.0, 8.1, 4.7, 5.6]
1684404925.225181 [100.0, 7.0, 4.7, 7.7]
1684404926.226655 [84.2, 3.5, 2.3, 4.4]
1684404927.227922 [0.0, 0.0, 1.0, 0.0]
1684404928.229191 [39.0, 0.0, 1.1, 0.0]
1684404929.230613 [100.0, 3.5, 1.2, 6.0]
1684404930.231967 [100.0, 4.7, 7.8, 7.3]
1684404931.233318 [100.0, 2.3, 2.4, 5.8]
1684404932.234747 [100.0, 6.7, 4.6, 5.8]
1684404933.236162 [61.0, 3.2, 4.3, 7.4]
1684404934.237426 [1.0, 0.0, 1.0, 1.0]
1684404935.238708 [61.0, 2.2, 1.1, 2.2]
1684404936.240141 [100.0, 2.4, 3.3, 3.5]
1684404937.241625 [100.0, 4.8, 3.3, 3.4]
1684404938.242973 [100.0, 7.0, 2.2, 4.5]
1684404939.244309 [100.0, 7.1, 2.2, 4.5]
1684404940.244828 [39.6, 3.2, 2.1, 3.2]
1684404941.2461 [0.0, 0.0, 0.0, 0.0]
1684404942.247369 [0.0, 0.0, 0.0, 1.0]
1684404943.248627 [1.0, 0.0, 0.0, 1.0]
1684404944.249893 [0.0, 1.0, 0.0, 0.0]
1684404945.25116 [1.0, 0.0, 0.0, 0.0]
1684404946.252433 [1.0, 1.0, 1.0, 1.0]
1684404947.253707 [0.0, 0.0, 1.0, 0.0]
1684404948.25502 [0.0, 0.0, 0.0, 1.0]
1684404949.255745 [1.0, 3.0, 1.0, 2.0]
1684404950.257027 [1.0, 0.0, 0.0, 0.0]
1684404951.258323 [0.0, 0.0, 0.0, 0.0]
