1684405395.827483 [0.0, 0.0, 0.0, 0.0]
1684405396.82773 [2.1, 0.0, 0.0, 0.0]
1684405397.828981 [0.0, 0.0, 1.0, 0.0]
1684405398.830271 [1.0, 2.1, 1.0, 1.0]
1684405399.831523 [2.1, 1.1, 1.0, 1.0]
1684405400.832807 [1.0, 1.0, 1.0, 0.0]
1684405401.834058 [0.0, 0.0, 0.0, 0.0]
1684405402.835324 [0.0, 1.0, 0.0, 0.0]
1684405403.835724 [1.1, 0.0, 0.0, 0.0]
1684405404.836971 [1.1, 3.2, 1.0, 2.0]
1684405405.83825 [1.1, 1.1, 0.0, 1.0]
1684405406.839579 [2.1, 0.0, 1.0, 0.0]
1684405407.840855 [1.0, 1.0, 1.0, 0.0]
1684405408.842114 [0.0, 0.0, 1.0, 1.0]
1684405409.843355 [1.1, 0.0, 2.1, 1.0]
1684405410.843756 [0.0, 2.2, 1.1, 0.0]
1684405411.84503 [1.1, 1.1, 0.0, 2.1]
1684405412.846279 [1.1, 2.2, 1.1, 1.0]
1684405413.847774 [1.1, 2.2, 1.1, 1.0]
1684405414.849026 [1.0, 1.0, 0.0, 1.0]
1684405415.850291 [0.0, 1.0, 0.0, 1.0]
1684405416.851541 [1.2, 0.0, 0.0, 0.0]
1684405417.852809 [1.2, 0.0, 1.1, 0.0]
1684405418.854086 [1.2, 0.0, 1.1, 2.1]
1684405419.855428 [2.4, 3.5, 1.1, 1.1]
1684405420.85668 [2.3, 0.0, 0.0, 0.0]
1684405421.857957 [1.0, 0.0, 2.0, 1.0]
1684405422.859199 [1.0, 1.0, 0.0, 0.0]
1684405423.860465 [0.0, 1.2, 1.1, 1.1]
1684405424.86176 [1.2, 0.0, 1.1, 1.1]
1684405425.863236 [3.6, 1.2, 1.1, 1.1]
1684405426.863731 [1.2, 2.4, 1.1, 0.0]
1684405427.86499 [2.4, 1.2, 0.0, 0.0]
1684405428.86627 [0.0, 1.0, 1.0, 2.0]
1684405429.867522 [0.0, 3.2, 2.1, 1.0]
1684405430.868791 [4.9, 2.5, 2.2, 1.1]
1684405431.870064 [2.5, 4.9, 1.1, 0.0]
1684405432.8716 [2.5, 2.5, 1.1, 1.1]
1684405433.872879 [1.3, 0.0, 3.3, 2.2]
1684405434.874151 [3.4, 3.4, 0.0, 1.1]
1684405435.875416 [0.0, 1.0, 1.0, 1.0]
1684405436.875732 [3.5, 2.4, 1.0, 0.0]
1684405437.876998 [8.9, 6.3, 2.1, 2.2]
1684405438.878265 [7.6, 3.9, 1.1, 2.2]
1684405439.879597 [7.6, 3.9, 1.1, 3.3]
1684405440.880884 [2.7, 6.4, 0.0, 1.1]
1684405441.882139 [3.3, 3.3, 1.0, 1.1]
1684405442.883395 [0.0, 0.0, 0.0, 1.0]
1684405443.883738 [12.9, 9.4, 4.3, 2.2]
1684405444.885006 [10.5, 9.0, 3.3, 1.1]
1684405445.886264 [9.5, 10.1, 5.4, 2.2]
1684405446.887613 [15.2, 12.5, 1.1, 0.0]
1684405447.888942 [9.2, 8.9, 1.1, 2.2]
1684405448.890221 [3.2, 2.1, 2.0, 1.0]
1684405449.891465 [0.0, 1.0, 0.0, 0.0]
1684405450.892719 [18.5, 20.0, 2.2, 1.1]
1684405451.893996 [16.0, 15.4, 3.3, 4.4]
1684405452.895528 [15.2, 20.7, 3.3, 4.3]
1684405453.896433 [17.3, 16.7, 4.3, 2.2]
1684405454.897699 [11.7, 16.7, 2.2, 3.3]
1684405455.898997 [2.0, 1.0, 2.0, 1.0]
1684405456.899716 [2.1, 4.2, 1.0, 1.0]
1684405457.900988 [23.7, 31.5, 4.3, 5.6]
1684405458.902263 [25.0, 25.3, 4.3, 5.6]
1684405459.903547 [27.1, 27.4, 3.3, 3.4]
1684405460.904811 [23.2, 24.1, 2.2, 4.4]
1684405461.90606 [15.3, 21.1, 4.2, 2.2]
1684405462.907321 [0.0, 0.0, 0.0, 0.0]
1684405463.907726 [16.5, 13.8, 3.1, 4.1]
1684405464.909037 [35.6, 34.1, 8.7, 5.4]
1684405465.910335 [33.7, 37.4, 11.6, 3.4]
1684405466.911765 [31.8, 33.7, 5.5, 4.3]
1684405467.91311 [33.3, 31.8, 5.6, 4.4]
1684405468.914384 [18.1, 18.9, 4.2, 4.2]
1684405469.915664 [1.0, 1.0, 0.0, 1.0]
1684405470.916933 [26.3, 25.5, 2.2, 6.5]
1684405471.918213 [38.5, 42.3, 6.7, 8.0]
1684405472.919727 [43.3, 44.3, 8.7, 6.9]
1684405473.921139 [34.8, 35.2, 7.5, 7.8]
1684405474.92243 [34.1, 34.4, 4.4, 3.4]
1684405475.923825 [11.5, 12.6, 3.1, 2.1]
1684405476.925095 [0.0, 0.0, 1.0, 1.0]
1684405477.926367 [35.5, 38.3, 3.6, 6.3]
1684405478.927734 [40.4, 51.0, 9.3, 6.3]
1684405479.929039 [43.8, 43.5, 10.0, 8.3]
1684405480.930347 [39.8, 39.3, 9.0, 4.2]
1684405481.931956 [42.3, 41.1, 7.9, 6.3]
1684405482.933289 [6.1, 6.1, 2.0, 2.0]
1684405483.934548 [3.1, 2.0, 1.0, 0.0]
1684405484.935943 [50.0, 44.2, 6.1, 8.0]
1684405485.937411 [50.5, 38.9, 12.2, 7.9]
1684405486.938706 [47.4, 39.6, 5.7, 3.4]
1684405487.940054 [49.0, 40.9, 8.0, 6.7]
1684405488.94162 [45.0, 35.2, 4.7, 7.6]
1684405489.94291 [0.0, 1.0, 1.0, 0.0]
1684405490.944155 [16.3, 12.5, 3.1, 2.1]
1684405491.945542 [54.6, 52.5, 9.0, 10.6]
1684405492.946931 [52.5, 45.7, 9.9, 4.4]
1684405493.948269 [53.4, 50.0, 7.8, 8.5]
1684405494.949551 [55.0, 52.5, 11.0, 4.4]
1684405495.950913 [37.0, 31.6, 5.4, 4.3]
1684405496.952185 [0.0, 1.0, 0.0, 0.0]
1684405497.953183 [25.5, 32.4, 4.3, 6.3]
1684405498.953637 [56.4, 58.8, 6.7, 7.7]
1684405499.955034 [58.5, 60.7, 5.6, 7.8]
1684405500.956508 [57.1, 56.2, 6.6, 7.8]
1684405501.957172 [52.6, 58.1, 5.6, 6.7]
1684405502.958459 [28.8, 27.7, 4.1, 4.2]
1684405503.959742 [1.0, 1.0, 0.0, 0.0]
1684405504.960533 [43.6, 44.6, 4.5, 6.8]
1684405505.961911 [57.4, 61.3, 6.9, 8.5]
1684405506.96326 [55.4, 57.1, 10.0, 7.1]
1684405507.964804 [58.1, 61.7, 7.9, 10.6]
1684405508.966196 [55.0, 59.0, 5.7, 8.3]
1684405509.967565 [17.3, 17.5, 2.1, 0.0]
1684405510.968857 [0.0, 0.0, 1.0, 0.0]
1684405511.970128 [60.6, 65.4, 8.9, 8.0]
1684405512.971602 [62.1, 66.0, 9.8, 5.8]
1684405513.972987 [61.0, 67.3, 7.9, 5.7]
1684405514.974283 [60.0, 64.8, 6.7, 8.9]
1684405515.975677 [63.9, 68.5, 3.5, 5.7]
1684405516.976999 [1.0, 2.0, 0.0, 1.0]
1684405517.978242 [12.1, 13.0, 2.0, 2.1]
1684405518.97958 [67.6, 70.8, 5.7, 8.0]
1684405519.980925 [68.2, 71.2, 4.6, 5.7]
1684405520.982251 [69.1, 70.2, 5.6, 8.9]
1684405521.982768 [69.7, 71.3, 6.7, 8.9]
1684405522.984139 [52.5, 55.8, 3.4, 5.6]
1684405523.985413 [0.0, 0.0, 0.0, 0.0]
1684405524.986689 [31.4, 30.0, 2.2, 4.2]
1684405525.987733 [70.2, 70.5, 10.8, 7.1]
1684405526.989103 [68.0, 69.4, 7.3, 6.8]
1684405527.990443 [68.6, 69.8, 6.2, 5.7]
1684405528.991736 [71.4, 72.0, 11.8, 9.2]
1684405529.993045 [38.6, 38.0, 6.5, 6.3]
1684405530.994298 [0.0, 0.0, 0.0, 0.0]
1684405531.99515 [44.8, 50.0, 3.4, 4.6]
1684405532.99578 [73.1, 75.5, 13.6, 7.3]
1684405533.997259 [74.1, 75.9, 11.6, 13.6]
1684405534.998567 [71.7, 74.0, 5.0, 8.4]
1684405536.000101 [74.0, 73.8, 8.4, 7.3]
1684405537.001465 [25.3, 27.7, 4.2, 4.3]
1684405538.002739 [0.0, 1.0, 0.0, 1.0]
1684405539.003744 [65.7, 68.9, 12.2, 7.0]
1684405540.004858 [73.1, 78.7, 11.5, 10.5]
1684405541.006216 [72.4, 77.4, 10.3, 7.1]
1684405542.006758 [73.1, 78.0, 13.8, 8.2]
1684405543.007734 [73.3, 77.6, 10.3, 10.2]
1684405544.009114 [8.2, 10.1, 3.1, 5.0]
1684405545.010384 [5.2, 8.9, 0.0, 1.0]
1684405546.011893 [81.1, 80.6, 9.6, 7.1]
1684405547.013016 [82.1, 81.9, 6.2, 6.1]
1684405548.014371 [77.1, 79.2, 10.5, 12.2]
1684405549.015726 [80.2, 81.4, 8.5, 7.3]
1684405550.017082 [72.5, 75.2, 8.2, 9.2]
1684405551.018346 [0.0, 0.0, 0.0, 1.0]
1684405552.019626 [26.5, 28.2, 1.1, 2.1]
1684405553.021059 [81.4, 86.3, 8.7, 4.7]
1684405554.022473 [83.3, 86.8, 11.4, 9.2]
1684405555.023855 [78.4, 83.7, 10.8, 7.0]
1684405556.025313 [80.4, 84.8, 10.0, 8.0]
1684405557.026695 [54.0, 59.2, 3.5, 5.4]
1684405558.027981 [0.0, 0.0, 1.0, 0.0]
1684405559.029244 [48.5, 46.5, 6.5, 4.6]
1684405560.030621 [87.7, 84.6, 6.2, 10.0]
1684405561.032177 [85.7, 83.8, 5.0, 10.0]
1684405562.033551 [89.1, 86.3, 10.7, 11.3]
1684405563.035041 [84.9, 83.2, 5.0, 10.0]
1684405564.036604 [40.6, 38.0, 3.3, 3.4]
1684405565.037863 [0.0, 1.0, 0.0, 0.0]
1684405566.039128 [0.0, 0.0, 0.0, 0.0]
1684405567.040394 [0.0, 0.0, 1.0, 0.0]
1684405568.041649 [1.0, 1.0, 0.0, 1.0]
1684405569.042906 [1.0, 1.0, 0.0, 1.0]
1684405570.044169 [1.0, 1.0, 0.0, 1.0]
1684405571.045431 [1.0, 1.0, 0.0, 1.0]
1684405572.046714 [0.0, 0.0, 0.0, 1.0]
1684405573.048003 [1.0, 1.0, 1.0, 0.0]
1684405574.049276 [2.0, 0.0, 2.0, 0.0]
1684405575.050562 [0.0, 0.0, 0.0, 1.0]
