1684404563.753205 [0.0, 0.0, 0.0, 0.0]
1684404564.754349 [0.0, 0.0, 0.0, 1.0]
1684404565.75562 [2.1, 1.0, 0.0, 1.0]
1684404566.756904 [0.0, 0.0, 0.0, 0.0]
1684404567.75817 [0.0, 1.0, 1.0, 1.0]
1684404568.758883 [1.0, 0.0, 1.0, 0.0]
1684404569.760136 [1.0, 1.0, 1.0, 0.0]
1684404570.761397 [0.0, 0.0, 0.0, 1.0]
1684404571.762653 [3.3, 2.0, 0.0, 1.0]
1684404572.763942 [1.1, 1.0, 0.0, 0.0]
1684404573.765224 [0.0, 0.0, 0.0, 1.0]
1684404574.766466 [1.1, 0.0, 0.0, 0.0]
1684404575.767738 [1.1, 0.0, 1.0, 0.0]
1684404576.769014 [0.0, 1.0, 0.0, 1.0]
1684404577.77034 [0.0, 0.0, 1.0, 0.0]
1684404578.771463 [2.4, 1.1, 1.0, 1.0]
1684404579.772751 [1.2, 0.0, 0.0, 0.0]
1684404580.774013 [0.0, 0.0, 1.0, 1.1]
1684404581.775477 [3.5, 3.1, 1.0, 1.1]
1684404582.776726 [1.1, 0.0, 1.0, 1.0]
1684404583.777994 [0.0, 1.0, 2.0, 1.0]
1684404584.77928 [3.7, 2.1, 2.1, 0.0]
1684404585.77973 [1.3, 0.0, 0.0, 0.0]
1684404586.781001 [2.6, 2.1, 0.0, 1.0]
1684404587.782313 [0.0, 1.1, 0.0, 0.0]
1684404588.783675 [3.8, 0.0, 3.2, 2.1]
1684404589.784951 [0.0, 1.0, 1.0, 0.0]
1684404590.786227 [0.0, 0.0, 0.0, 0.0]
1684404591.787623 [4.1, 0.0, 0.0, 0.0]
1684404592.788909 [2.7, 2.1, 1.1, 1.1]
1684404593.790205 [2.7, 0.0, 2.2, 1.1]
1684404594.791655 [4.1, 1.1, 2.2, 1.1]
1684404595.792916 [2.6, 0.0, 1.1, 1.1]
1684404596.794174 [1.0, 0.0, 0.0, 0.0]
1684404597.794756 [5.4, 0.0, 0.0, 0.0]
1684404598.795306 [12.2, 4.2, 3.2, 2.1]
1684404599.796633 [12.3, 3.2, 2.2, 2.1]
1684404600.797889 [8.6, 1.1, 1.1, 0.0]
1684404601.799161 [13.3, 3.2, 1.1, 4.2]
1684404602.80048 [10.7, 1.1, 4.1, 2.1]
1684404603.801734 [0.0, 2.0, 0.0, 1.0]
1684404604.803009 [10.2, 0.0, 2.1, 0.0]
1684404605.803724 [32.1, 6.2, 3.2, 2.2]
1684404606.804978 [26.6, 2.1, 3.2, 3.3]
1684404607.806249 [31.0, 4.2, 2.2, 4.3]
1684404608.807585 [23.4, 4.2, 3.2, 2.2]
1684404609.80896 [13.2, 0.0, 3.1, 2.1]
1684404610.810212 [0.0, 1.0, 0.0, 0.0]
1684404611.811469 [33.7, 2.2, 4.3, 4.2]
1684404612.812763 [47.4, 2.2, 5.4, 6.2]
1684404613.813239 [46.9, 8.3, 6.5, 4.3]
1684404614.814509 [43.5, 4.3, 4.3, 2.2]
1684404615.81595 [43.5, 3.2, 5.3, 3.2]
1684404616.817294 [13.7, 2.0, 2.0, 2.0]
1684404617.818576 [0.0, 0.0, 1.0, 1.0]
1684404618.819821 [49.5, 8.4, 7.5, 4.3]
1684404619.821192 [53.0, 5.4, 6.5, 5.3]
1684404620.822459 [54.4, 3.3, 5.4, 7.3]
1684404621.823746 [50.5, 3.3, 4.4, 3.2]
1684404622.8251 [52.5, 3.3, 7.4, 2.2]
1684404623.826377 [1.0, 1.0, 1.0, 1.0]
1684404624.827668 [11.0, 0.0, 0.0, 1.0]
1684404625.829077 [58.1, 9.3, 10.8, 8.6]
1684404626.830414 [56.7, 5.4, 7.6, 4.4]
1684404627.831796 [59.8, 5.3, 6.6, 5.4]
1684404628.833251 [53.5, 3.3, 3.4, 6.5]
1684404629.834511 [43.4, 7.1, 4.4, 4.2]
1684404630.835761 [1.0, 0.0, 0.0, 0.0]
1684404631.837002 [29.7, 1.1, 2.1, 3.1]
1684404632.838302 [64.9, 8.3, 4.3, 5.3]
1684404633.839756 [60.7, 6.4, 4.3, 5.3]
1684404634.84101 [61.5, 3.3, 3.2, 2.2]
1684404635.842279 [62.2, 3.3, 4.3, 5.3]
1684404636.843586 [35.6, 2.1, 1.0, 1.0]
1684404637.84489 [0.0, 1.0, 0.0, 1.0]
1684404638.846159 [46.7, 2.2, 7.3, 5.2]
1684404639.847028 [68.4, 5.4, 6.5, 3.4]
1684404640.847738 [66.4, 4.3, 3.3, 7.4]
1684404641.849128 [67.3, 4.3, 6.4, 6.4]
1684404642.850433 [65.2, 1.1, 6.5, 6.4]
1684404643.85185 [24.8, 4.0, 3.1, 4.0]
1684404644.853104 [0.0, 0.0, 0.0, 0.0]
1684404645.854407 [63.3, 3.2, 3.3, 4.4]
1684404646.855825 [70.8, 2.2, 3.3, 2.2]
1684404647.857255 [72.1, 4.3, 4.4, 5.4]
1684404648.858627 [71.6, 5.3, 7.4, 5.5]
1684404649.860047 [72.7, 4.3, 2.2, 4.4]
1684404650.861382 [12.7, 1.0, 1.0, 1.0]
1684404651.862659 [7.9, 0.0, 0.0, 0.0]
1684404652.864064 [76.6, 3.3, 2.2, 3.3]
1684404653.86541 [77.4, 6.5, 2.2, 3.3]
1684404654.866905 [78.6, 3.3, 3.3, 7.4]
1684404655.868264 [77.1, 4.5, 3.3, 5.4]
1684404656.869601 [72.1, 5.4, 5.3, 7.3]
1684404657.870864 [1.0, 1.0, 1.0, 0.0]
1684404658.872131 [28.2, 4.1, 3.1, 1.0]
1684404659.873503 [83.2, 4.4, 3.5, 2.2]
1684404660.874767 [83.8, 2.2, 3.5, 3.3]
1684404661.876144 [84.2, 1.1, 5.8, 3.3]
1684404662.877434 [81.5, 3.3, 3.5, 3.3]
1684404663.878697 [62.0, 4.3, 3.4, 0.0]
1684404664.879874 [0.0, 1.0, 0.0, 1.0]
1684404665.881161 [45.7, 1.1, 2.1, 2.2]
1684404666.882497 [83.8, 3.4, 4.4, 5.7]
1684404667.883894 [83.9, 4.5, 6.6, 3.5]
1684404668.885276 [83.8, 4.5, 4.5, 5.7]
1684404669.886542 [83.5, 4.4, 3.4, 0.0]
1684404670.887946 [41.9, 4.1, 3.1, 2.1]
1684404671.889211 [1.0, 1.0, 0.0, 0.0]
1684404672.89049 [66.7, 1.1, 3.4, 4.4]
1684404673.891945 [88.0, 4.5, 8.0, 4.6]
1684404674.893393 [89.1, 3.4, 3.6, 5.7]
1684404675.894939 [89.0, 4.4, 5.7, 4.5]
1684404676.896336 [89.2, 2.3, 4.7, 3.5]
1684404677.896751 [25.5, 0.0, 0.0, 2.1]
1684404678.898045 [0.0, 0.0, 1.0, 1.0]
1684404679.899313 [86.2, 3.5, 3.3, 2.3]
1684404680.900801 [90.8, 4.7, 3.3, 4.5]
1684404681.902203 [90.7, 6.8, 2.2, 4.5]
1684404682.903627 [91.6, 2.4, 3.3, 3.5]
1684404683.905006 [91.7, 3.5, 3.3, 5.7]
1684404684.9064 [3.0, 1.0, 1.0, 2.0]
1684404685.907699 [19.0, 1.0, 0.0, 1.0]
1684404686.909066 [98.1, 2.3, 3.7, 2.3]
1684404687.910545 [98.0, 4.5, 3.7, 4.4]
1684404688.911964 [97.0, 3.4, 7.1, 4.5]
1684404689.913436 [96.2, 6.6, 6.0, 3.4]
1684404690.914916 [80.2, 2.2, 3.5, 1.1]
1684404691.916192 [0.0, 0.0, 0.0, 0.0]
1684404692.917482 [40.6, 2.1, 0.0, 1.1]
1684404693.919016 [98.0, 3.5, 10.3, 5.6]
1684404694.920499 [98.0, 4.6, 6.0, 2.3]
1684404695.921979 [98.0, 4.6, 6.0, 4.5]
1684404696.923392 [99.0, 4.7, 3.7, 3.4]
1684404697.924877 [58.4, 1.1, 4.4, 2.2]
1684404698.926154 [0.0, 1.0, 1.0, 0.0]
1684404699.927451 [63.0, 4.3, 4.3, 3.3]
1684404700.928925 [100.0, 5.6, 5.5, 4.5]
1684404701.930311 [100.0, 8.8, 9.9, 11.7]
1684404702.931748 [100.0, 5.6, 5.6, 2.3]
1684404703.933088 [100.0, 3.4, 6.7, 3.5]
1684404704.934513 [37.6, 3.1, 2.1, 1.1]
1684404705.935742 [0.0, 0.0, 0.0, 0.0]
1684404706.937004 [84.0, 4.4, 3.4, 1.2]
1684404707.938462 [100.0, 3.5, 8.0, 2.4]
1684404708.939873 [100.0, 6.8, 6.9, 7.1]
1684404709.94125 [100.0, 5.7, 3.6, 6.0]
1684404710.942671 [100.0, 2.4, 2.4, 4.7]
1684404711.944037 [17.0, 1.0, 1.0, 1.0]
1684404712.945314 [7.0, 0.0, 1.0, 0.0]
1684404713.946776 [100.0, 3.4, 7.1, 4.5]
1684404714.947747 [100.0, 4.4, 3.6, 3.4]
1684404715.949147 [100.0, 5.5, 8.1, 5.6]
1684404716.950593 [100.0, 2.3, 4.7, 2.3]
1684404717.951981 [93.9, 5.4, 2.4, 2.3]
1684404718.953061 [1.0, 0.0, 0.0, 2.0]
1684404719.954332 [30.0, 3.1, 1.1, 1.1]
1684404720.955729 [100.0, 3.4, 3.7, 0.0]
1684404721.957098 [100.0, 7.8, 4.8, 5.7]
1684404722.95843 [100.0, 4.5, 4.8, 3.4]
1684404723.95985 [100.0, 5.6, 10.3, 5.7]
1684404724.961295 [71.0, 4.3, 1.2, 2.2]
1684404725.962579 [1.0, 2.0, 0.0, 2.0]
1684404726.963601 [52.5, 2.1, 3.2, 1.1]
1684404727.965017 [100.0, 4.6, 5.6, 5.7]
1684404728.96645 [100.0, 5.7, 5.6, 2.4]
1684404729.967838 [100.0, 8.0, 4.5, 8.0]
1684404730.96925 [100.0, 3.5, 2.3, 3.5]
1684404731.97068 [47.0, 1.1, 1.1, 3.2]
1684404732.971938 [0.0, 0.0, 0.0, 0.0]
1684404733.973208 [1.0, 0.0, 1.0, 0.0]
1684404734.974476 [0.0, 0.0, 1.0, 0.0]
1684404735.975744 [1.0, 0.0, 1.0, 0.0]
1684404736.977013 [0.0, 0.0, 0.0, 0.0]
1684404737.978286 [1.0, 0.0, 2.0, 1.0]
1684404738.97958 [1.0, 1.0, 0.0, 1.0]
1684404739.980864 [0.0, 0.0, 0.0, 1.0]
1684404740.982139 [0.0, 0.0, 0.0, 0.0]
1684404741.983414 [1.0, 0.0, 2.0, 0.0]
1684404742.984705 [0.0, 1.0, 0.0, 1.0]
