1684404354.600232 [0.0, 0.0, 100.0, 0.0]
1684404355.601503 [0.0, 0.0, 1.0, 0.0]
1684404356.60287 [0.0, 0.0, 0.0, 0.0]
1684404357.603723 [0.0, 0.0, 1.0, 0.0]
1684404358.605021 [1.1, 1.0, 2.0, 1.0]
1684404359.6063 [1.0, 1.0, 0.0, 1.0]
1684404360.607565 [0.0, 1.0, 1.0, 0.0]
1684404361.608857 [0.0, 0.0, 2.0, 1.0]
1684404362.610085 [1.1, 0.0, 0.0, 0.0]
1684404363.611435 [1.1, 0.0, 1.0, 1.0]
1684404364.611724 [2.2, 1.0, 0.0, 0.0]
1684404365.612973 [2.2, 0.0, 1.0, 2.1]
1684404366.614221 [0.0, 0.0, 0.0, 1.0]
1684404367.615473 [0.0, 1.0, 0.0, 0.0]
1684404368.616719 [2.3, 1.0, 0.0, 2.1]
1684404369.61801 [2.4, 1.0, 1.0, 1.0]
1684404370.619377 [1.2, 0.0, 0.0, 0.0]
1684404371.620632 [0.0, 2.1, 1.0, 1.0]
1684404372.621889 [1.2, 0.0, 0.0, 1.0]
1684404373.623159 [1.0, 1.0, 0.0, 1.0]
1684404374.624422 [0.0, 0.0, 0.0, 0.0]
1684404375.625666 [0.0, 0.0, 0.0, 1.1]
1684404376.626989 [0.0, 0.0, 1.1, 1.1]
1684404377.627738 [2.5, 0.0, 2.1, 1.1]
1684404378.62898 [3.8, 1.1, 1.1, 0.0]
1684404379.630315 [0.0, 1.1, 1.1, 2.1]
1684404380.631709 [0.0, 1.0, 0.0, 1.0]
1684404381.63296 [2.1, 0.0, 1.0, 1.0]
1684404382.634231 [4.0, 2.1, 1.1, 1.1]
1684404383.635566 [6.8, 2.2, 3.1, 3.2]
1684404384.636871 [2.7, 1.1, 1.1, 3.2]
1684404385.638127 [2.7, 0.0, 0.0, 1.1]
1684404386.639546 [4.9, 0.0, 2.1, 1.1]
1684404387.640823 [0.0, 1.0, 0.0, 2.0]
1684404388.642068 [6.7, 2.0, 2.1, 1.0]
1684404389.643457 [18.2, 2.1, 3.3, 2.2]
1684404390.644759 [9.7, 1.1, 0.0, 2.2]
1684404391.645999 [18.2, 1.1, 4.3, 2.2]
1684404392.647365 [14.7, 2.1, 1.1, 4.2]
1684404393.648724 [9.4, 3.0, 2.1, 2.1]
1684404394.649972 [0.0, 0.0, 0.0, 0.0]
1684404395.651241 [16.9, 0.0, 2.1, 3.1]
1684404396.652564 [26.9, 3.2, 3.3, 4.3]
1684404397.653826 [25.3, 5.3, 3.3, 2.2]
1684404398.655185 [24.4, 6.2, 3.3, 4.3]
1684404399.656539 [26.3, 3.2, 9.2, 4.3]
1684404400.657802 [7.7, 1.0, 2.0, 2.1]
1684404401.659057 [1.0, 1.0, 0.0, 1.0]
1684404402.659744 [33.7, 4.2, 3.3, 3.3]
1684404403.661052 [40.2, 6.4, 5.4, 5.3]
1684404404.6623 [36.8, 3.3, 7.4, 3.3]
1684404405.663738 [40.9, 6.3, 4.3, 5.4]
1684404406.665074 [37.9, 1.1, 8.3, 4.3]
1684404407.66634 [5.2, 2.0, 1.0, 1.0]
1684404408.667624 [5.9, 0.0, 1.0, 2.0]
1684404409.668105 [53.4, 6.5, 5.4, 8.6]
1684404410.669386 [51.5, 4.3, 5.4, 7.4]
1684404411.670665 [49.5, 4.3, 4.3, 4.4]
1684404412.671714 [48.9, 4.3, 3.3, 8.2]
1684404413.672968 [45.4, 2.2, 3.3, 5.4]
1684404414.674264 [1.0, 0.0, 1.0, 2.0]
1684404415.675497 [17.8, 2.0, 1.0, 2.1]
1684404416.67696 [61.8, 5.4, 2.2, 6.5]
1684404417.678273 [61.8, 5.4, 4.3, 8.4]
1684404418.679651 [59.8, 4.3, 5.3, 4.3]
1684404419.681076 [57.9, 6.3, 7.3, 5.3]
1684404420.682336 [42.2, 3.2, 3.2, 2.2]
1684404421.683598 [1.0, 0.0, 1.0, 1.0]
1684404422.684915 [37.0, 3.1, 2.1, 2.2]
1684404423.686196 [61.9, 5.3, 6.4, 6.6]
1684404424.687544 [62.4, 3.3, 4.3, 7.5]
1684404425.688489 [60.2, 4.3, 7.3, 6.5]
1684404426.689823 [60.7, 6.2, 4.3, 3.3]
1684404427.691089 [32.7, 1.0, 1.0, 2.1]
1684404428.692351 [0.0, 0.0, 0.0, 1.0]
1684404429.693594 [54.6, 3.3, 7.4, 7.4]
1684404430.694679 [68.8, 4.3, 5.4, 3.3]
1684404431.695719 [69.9, 6.3, 4.4, 8.3]
1684404432.696998 [70.2, 3.2, 6.5, 4.3]
1684404433.698246 [70.3, 5.4, 3.4, 5.4]
1684404434.699582 [23.4, 1.0, 1.0, 2.0]
1684404435.700867 [0.0, 0.0, 1.0, 0.0]
1684404436.702108 [71.2, 3.4, 1.2, 4.3]
1684404437.703483 [71.0, 3.4, 5.4, 3.3]
1684404438.7049 [72.3, 7.6, 4.4, 6.5]
1684404439.706161 [72.5, 6.7, 5.5, 6.4]
1684404440.707542 [70.9, 2.3, 6.5, 3.3]
1684404441.708936 [4.0, 2.0, 2.0, 2.0]
1684404442.710229 [16.7, 0.0, 1.0, 1.0]
1684404443.711559 [75.7, 6.6, 5.6, 5.4]
1684404444.712916 [79.1, 1.1, 5.6, 4.3]
1684404445.714231 [77.9, 6.6, 3.4, 6.4]
1684404446.715548 [78.9, 8.6, 4.4, 8.3]
1684404447.716951 [65.5, 7.3, 3.3, 2.2]
1684404448.718198 [2.0, 0.0, 1.0, 0.0]
1684404449.719462 [36.9, 3.1, 1.1, 2.1]
1684404450.720855 [85.6, 8.3, 6.7, 3.3]
1684404451.722111 [84.4, 4.4, 3.4, 3.3]
1684404452.723492 [85.7, 5.4, 3.4, 3.3]
1684404453.724881 [85.0, 3.3, 6.6, 7.4]
1684404454.726159 [52.3, 1.1, 1.1, 0.0]
1684404455.727422 [0.0, 1.0, 0.0, 1.0]
1684404456.727764 [57.4, 2.2, 2.2, 2.2]
1684404457.72908 [86.2, 6.8, 5.6, 5.6]
1684404458.730161 [86.1, 3.5, 3.4, 7.6]
1684404459.731545 [85.0, 5.7, 3.4, 3.3]
1684404460.732998 [87.6, 5.7, 4.5, 6.7]
1684404461.734312 [35.3, 1.1, 2.1, 3.1]
1684404462.735591 [0.0, 0.0, 0.0, 1.0]
1684404463.736858 [80.4, 4.3, 4.5, 3.4]
1684404464.738289 [94.3, 4.5, 4.7, 6.8]
1684404465.739644 [94.3, 3.4, 3.5, 5.6]
1684404466.740979 [93.4, 1.1, 2.4, 2.3]
1684404467.742302 [94.4, 2.3, 4.7, 6.7]
1684404468.743625 [15.0, 1.0, 0.0, 0.0]
1684404469.744903 [8.8, 2.0, 0.0, 0.0]
1684404470.74624 [97.1, 4.5, 3.6, 5.8]
1684404471.747005 [95.2, 1.2, 2.4, 3.5]
1684404472.748363 [94.4, 4.4, 4.7, 4.5]
1684404473.749767 [96.0, 4.5, 4.7, 4.8]
1684404474.751177 [87.7, 3.3, 2.4, 4.5]
1684404475.752445 [1.0, 2.0, 0.0, 1.0]
1684404476.753694 [30.3, 0.0, 1.1, 2.0]
1684404477.755092 [99.0, 4.7, 2.5, 2.2]
1684404478.75572 [100.0, 5.8, 4.8, 5.4]
1684404479.757077 [100.0, 6.8, 4.9, 3.3]
1684404480.758385 [99.0, 7.9, 6.0, 7.4]
1684404481.759725 [69.3, 0.0, 2.3, 1.1]
1684404482.760983 [1.0, 1.0, 1.0, 1.0]
1684404483.761785 [52.0, 4.3, 3.1, 3.3]
1684404484.763137 [100.0, 3.6, 1.1, 6.9]
1684404485.763729 [100.0, 4.7, 2.2, 5.7]
1684404486.765095 [100.0, 2.4, 2.2, 3.5]
1684404487.76647 [100.0, 4.7, 2.2, 9.1]
1684404488.767841 [49.0, 2.2, 2.1, 3.2]
1684404489.769117 [0.0, 1.0, 2.0, 0.0]
1684404490.770395 [74.3, 5.4, 2.3, 6.7]
1684404491.771835 [100.0, 5.7, 8.0, 10.5]
1684404492.773217 [100.0, 6.6, 4.7, 5.8]
1684404493.774613 [100.0, 9.8, 6.8, 4.8]
1684404494.776041 [100.0, 3.4, 3.6, 3.6]
1684404495.777482 [26.0, 1.0, 1.0, 2.1]
1684404496.778759 [1.0, 0.0, 0.0, 1.0]
1684404497.780007 [97.0, 3.3, 3.4, 5.9]
1684404498.78143 [100.0, 5.5, 7.8, 7.0]
1684404499.782833 [100.0, 2.3, 4.6, 3.6]
1684404500.783758 [100.0, 2.2, 5.6, 5.8]
1684404501.78515 [100.0, 3.3, 4.6, 5.7]
1684404502.786531 [2.0, 0.0, 1.0, 1.0]
1684404503.787838 [21.0, 0.0, 2.1, 3.0]
1684404504.789259 [100.0, 5.6, 5.8, 3.3]
1684404505.790692 [100.0, 5.6, 5.9, 7.6]
1684404506.791633 [100.0, 6.6, 5.8, 5.5]
1684404507.792977 [100.0, 2.3, 4.7, 4.4]
1684404508.794334 [79.8, 5.4, 2.3, 3.3]
1684404509.795142 [1.0, 0.0, 2.0, 1.0]
1684404510.795839 [41.0, 0.0, 3.1, 1.1]
1684404511.79726 [99.0, 7.0, 9.5, 8.8]
1684404512.798645 [100.0, 6.9, 2.2, 6.8]
1684404513.800034 [100.0, 5.8, 2.3, 4.5]
1684404514.801387 [100.0, 3.6, 2.3, 5.7]
1684404515.80275 [59.4, 2.2, 2.1, 4.3]
1684404516.80402 [0.0, 0.0, 0.0, 0.0]
1684404517.805306 [62.6, 3.3, 5.3, 5.3]
1684404518.806636 [100.0, 8.9, 6.7, 7.7]
1684404519.808 [100.0, 3.5, 4.7, 4.7]
1684404520.808948 [100.0, 5.7, 3.4, 4.6]
1684404521.810362 [100.0, 6.8, 8.8, 6.8]
1684404522.811762 [37.4, 4.2, 2.1, 5.1]
1684404523.81303 [1.0, 1.0, 2.0, 1.0]
1684404524.814289 [0.0, 0.0, 0.0, 0.0]
1684404525.815556 [0.0, 0.0, 1.0, 1.0]
1684404526.816882 [0.0, 0.0, 1.0, 1.0]
1684404527.818155 [0.0, 0.0, 0.0, 1.0]
1684404528.81879 [1.0, 1.0, 0.0, 0.0]
1684404529.820066 [1.0, 1.0, 0.0, 2.0]
1684404530.821322 [0.0, 1.0, 0.0, 0.0]
1684404531.822588 [0.0, 0.0, 1.0, 0.0]
1684404532.823857 [1.0, 0.0, 0.0, 1.0]
1684404533.82512 [0.0, 0.0, 1.0, 1.0]
