1684404980.545938 [0.0, 0.0, 100.0, 0.0]
1684404981.54622 [1.1, 0.0, 0.0, 0.0]
1684404982.547502 [0.0, 1.0, 0.0, 0.0]
1684404983.548805 [1.0, 0.0, 1.0, 2.0]
1684404984.550056 [2.1, 1.0, 1.0, 0.0]
1684404985.551427 [0.0, 2.1, 0.0, 0.0]
1684404986.552714 [0.0, 1.0, 0.0, 0.0]
1684404987.553997 [1.0, 0.0, 1.0, 0.0]
1684404988.555414 [2.2, 0.0, 0.0, 2.0]
1684404989.555724 [1.1, 1.1, 1.0, 0.0]
1684404990.556978 [1.1, 1.1, 1.0, 2.0]
1684404991.558256 [0.0, 0.0, 1.0, 0.0]
1684404992.559589 [2.1, 1.1, 1.0, 1.0]
1684404993.560895 [0.0, 0.0, 0.0, 0.0]
1684404994.562165 [0.0, 2.1, 0.0, 1.0]
1684404995.563488 [0.0, 0.0, 1.1, 3.0]
1684404996.564765 [1.1, 1.1, 1.1, 0.0]
1684404997.566023 [0.0, 0.0, 0.0, 0.0]
1684404998.567413 [3.3, 1.1, 0.0, 1.1]
1684404999.568675 [0.0, 2.1, 1.0, 1.0]
1684405000.569933 [1.0, 1.0, 0.0, 1.0]
1684405001.570484 [0.0, 1.1, 1.1, 1.1]
1684405002.571876 [4.6, 2.4, 2.2, 2.2]
1684405003.573148 [1.2, 1.2, 2.1, 2.1]
1684405004.574416 [2.3, 0.0, 1.1, 0.0]
1684405005.575718 [1.2, 2.4, 1.1, 1.1]
1684405006.577007 [1.0, 0.0, 1.0, 0.0]
1684405007.578289 [0.0, 0.0, 0.0, 0.0]
1684405008.579566 [3.6, 2.4, 1.1, 1.1]
1684405009.580858 [1.2, 2.4, 1.1, 0.0]
1684405010.582109 [0.0, 2.4, 0.0, 1.1]
1684405011.583452 [3.7, 2.4, 0.0, 1.1]
1684405012.584746 [1.2, 2.4, 2.2, 2.1]
1684405013.586015 [1.0, 2.0, 1.0, 2.0]
1684405014.587301 [3.1, 0.0, 2.0, 0.0]
1684405015.58859 [1.3, 0.0, 1.1, 0.0]
1684405016.589891 [1.3, 2.5, 1.1, 3.2]
1684405017.591218 [0.0, 1.2, 0.0, 0.0]
1684405018.592548 [3.8, 2.5, 3.3, 1.1]
1684405019.59379 [3.6, 2.4, 0.0, 1.1]
1684405020.595047 [1.0, 0.0, 0.0, 1.0]
1684405021.59555 [3.3, 5.3, 1.0, 3.1]
1684405022.596992 [6.5, 10.0, 2.2, 4.3]
1684405023.598256 [7.5, 7.5, 3.3, 1.1]
1684405024.599582 [7.6, 8.8, 2.2, 1.1]
1684405025.600871 [5.1, 6.2, 2.2, 2.1]
1684405026.602217 [4.5, 5.6, 1.1, 0.0]
1684405027.603468 [0.0, 0.0, 0.0, 1.0]
1684405028.604799 [6.9, 5.8, 1.1, 3.2]
1684405029.606077 [11.7, 12.8, 4.2, 7.7]
1684405030.607516 [14.6, 11.5, 4.2, 3.4]
1684405031.60883 [6.8, 10.3, 0.0, 1.1]
1684405032.610111 [11.4, 12.5, 5.2, 3.4]
1684405033.611456 [7.4, 4.3, 0.0, 2.1]
1684405034.611729 [1.0, 1.0, 0.0, 1.0]
1684405035.61298 [16.7, 13.4, 1.1, 5.3]
1684405036.61425 [21.0, 24.1, 4.3, 1.1]
1684405037.615273 [20.0, 19.8, 3.3, 4.3]
1684405038.616772 [16.5, 20.5, 5.4, 2.2]
1684405039.618032 [20.0, 19.8, 4.4, 2.2]
1684405040.619493 [4.1, 1.1, 0.0, 2.0]
1684405041.62012 [2.0, 3.0, 2.0, 1.0]
1684405042.621415 [25.3, 26.5, 5.3, 6.6]
1684405043.622672 [24.4, 29.1, 3.2, 4.4]
1684405044.624067 [29.1, 34.1, 4.3, 3.4]
1684405045.62531 [29.1, 25.0, 4.3, 5.5]
1684405046.626518 [25.6, 22.0, 2.2, 3.3]
1684405047.627727 [0.0, 1.0, 0.0, 1.0]
1684405048.628971 [8.4, 7.4, 1.1, 0.0]
1684405049.630329 [35.2, 34.8, 7.0, 5.6]
1684405050.631778 [35.5, 32.2, 7.9, 6.6]
1684405051.633078 [35.9, 37.6, 9.0, 6.6]
1684405052.634336 [33.7, 34.4, 10.8, 7.6]
1684405053.635749 [20.9, 18.2, 3.3, 2.2]
1684405054.637034 [0.0, 0.0, 1.0, 0.0]
1684405055.638349 [20.0, 19.6, 3.2, 4.3]
1684405056.639707 [38.2, 37.8, 9.6, 3.4]
1684405057.641105 [44.9, 39.4, 8.6, 8.7]
1684405058.642382 [46.5, 43.3, 11.5, 6.7]
1684405059.643782 [41.1, 37.6, 6.5, 5.6]
1684405060.64511 [18.7, 14.3, 4.1, 3.2]
1684405061.646398 [0.0, 1.0, 0.0, 0.0]
1684405062.64766 [28.3, 34.7, 8.2, 10.5]
1684405063.64902 [44.2, 50.0, 7.7, 12.0]
1684405064.650351 [38.5, 46.4, 5.5, 7.9]
1684405065.651842 [42.7, 45.9, 8.5, 8.8]
1684405066.653211 [39.1, 41.8, 4.4, 6.7]
1684405067.65447 [8.3, 10.3, 0.0, 0.0]
1684405068.655743 [1.0, 1.0, 0.0, 1.0]
1684405069.657024 [46.3, 46.3, 10.1, 11.6]
1684405070.658291 [44.8, 45.4, 11.8, 9.2]
1684405071.659719 [45.4, 43.8, 7.8, 7.0]
1684405072.66102 [43.6, 47.0, 6.7, 10.2]
1684405073.662291 [44.3, 44.2, 13.7, 12.2]
1684405074.663644 [4.9, 2.0, 1.0, 1.0]
1684405075.664924 [11.0, 13.6, 2.1, 2.1]
1684405076.666288 [50.5, 55.0, 4.5, 8.0]
1684405077.667655 [51.0, 55.7, 7.5, 5.9]
1684405078.669009 [51.0, 57.0, 4.5, 7.0]
1684405079.67034 [46.8, 54.0, 6.6, 11.1]
1684405080.671719 [39.8, 46.2, 2.2, 8.8]
1684405081.672993 [0.0, 0.0, 0.0, 0.0]
1684405082.674258 [23.7, 21.4, 1.1, 2.1]
1684405083.675605 [60.8, 54.5, 10.3, 6.7]
1684405084.677034 [60.0, 50.5, 10.0, 6.6]
1684405085.678347 [62.0, 52.0, 4.7, 4.5]
1684405086.679855 [58.4, 49.5, 4.7, 6.5]
1684405087.681249 [38.5, 31.3, 3.3, 3.2]
1684405088.682526 [0.0, 2.0, 0.0, 0.0]
1684405089.683803 [44.2, 40.8, 5.4, 2.3]
1684405090.685223 [64.9, 58.8, 3.5, 5.8]
1684405091.686548 [62.7, 59.0, 10.9, 9.1]
1684405092.687997 [59.4, 55.0, 9.6, 6.7]
1684405093.689335 [64.8, 60.2, 4.7, 11.4]
1684405094.690571 [25.2, 22.5, 3.1, 2.1]
1684405095.691822 [1.0, 0.0, 0.0, 1.0]
1684405096.693119 [59.8, 51.0, 6.7, 5.8]
1684405097.694408 [68.0, 59.8, 7.9, 11.2]
1684405098.695846 [68.8, 61.1, 6.7, 7.1]
1684405099.697332 [67.0, 61.2, 8.0, 10.2]
1684405100.698585 [67.6, 59.8, 6.7, 8.0]
1684405101.700119 [11.8, 9.0, 0.0, 1.0]
1684405102.701403 [4.1, 5.1, 2.0, 0.0]
1684405103.702767 [64.0, 66.4, 9.2, 9.5]
1684405104.70426 [67.3, 67.0, 13.3, 9.4]
1684405105.705601 [67.3, 67.6, 8.1, 7.2]
1684405106.70704 [67.6, 67.6, 10.1, 11.4]
1684405107.708425 [64.8, 64.9, 9.1, 4.9]
1684405108.709694 [1.0, 1.0, 2.0, 1.0]
1684405109.710978 [22.0, 23.0, 1.1, 2.1]
1684405110.712444 [67.0, 70.0, 7.7, 10.2]
1684405111.713825 [71.8, 75.7, 6.7, 7.1]
1684405112.715171 [72.4, 77.1, 5.7, 9.3]
1684405113.715739 [72.7, 75.9, 5.7, 3.7]
1684405114.717119 [48.5, 51.0, 8.2, 7.7]
1684405115.718414 [1.0, 0.0, 1.0, 1.0]
1684405116.71968 [38.2, 41.3, 3.2, 2.2]
1684405117.721181 [73.8, 76.6, 7.0, 9.4]
1684405118.722638 [75.2, 78.3, 7.0, 10.5]
1684405119.724117 [74.0, 78.0, 11.0, 9.5]
1684405120.725516 [73.3, 76.4, 6.9, 10.3]
1684405121.72699 [37.0, 38.8, 3.3, 2.2]
1684405122.728253 [1.0, 0.0, 2.0, 0.0]
1684405123.728925 [58.4, 56.4, 7.2, 5.7]
1684405124.729719 [76.0, 74.5, 15.3, 10.3]
1684405125.730364 [77.9, 76.9, 10.1, 8.2]
1684405126.731776 [74.0, 72.1, 11.0, 10.2]
1684405127.733255 [75.7, 72.7, 14.5, 9.2]
1684405128.734652 [23.8, 21.4, 3.1, 2.1]
1684405129.735946 [0.0, 0.0, 1.0, 1.0]
1684405130.737209 [77.5, 77.4, 5.3, 9.2]
1684405131.738655 [80.2, 79.6, 13.4, 9.1]
1684405132.740029 [81.7, 81.0, 7.9, 7.0]
1684405133.741639 [78.4, 76.6, 12.3, 11.1]
1684405134.743107 [77.7, 78.2, 11.2, 12.2]
1684405135.744616 [3.9, 3.0, 2.0, 0.0]
1684405136.745304 [14.4, 16.0, 1.1, 1.0]
1684405137.745863 [82.1, 83.0, 9.6, 7.5]
1684405138.747236 [78.4, 79.0, 10.8, 7.2]
1684405139.747745 [78.3, 78.0, 10.8, 12.8]
1684405140.749146 [78.5, 78.1, 7.3, 6.1]
1684405141.750605 [71.0, 70.5, 7.1, 7.1]
1684405142.751864 [0.0, 1.0, 2.0, 1.0]
1684405143.753114 [35.0, 35.9, 4.4, 5.4]
1684405144.754598 [86.5, 86.8, 15.0, 14.1]
1684405145.75599 [86.2, 83.8, 13.7, 11.1]
1684405146.757422 [84.3, 81.6, 11.4, 8.5]
1684405147.758804 [86.0, 83.3, 10.4, 10.8]
1684405148.760483 [51.5, 50.5, 7.9, 5.6]
1684405149.761747 [0.0, 0.0, 0.0, 1.0]
1684405150.763007 [0.0, 0.0, 0.0, 1.0]
1684405151.763742 [1.0, 0.0, 1.0, 0.0]
1684405152.765029 [1.0, 0.0, 1.0, 1.0]
1684405153.766301 [0.0, 0.0, 0.0, 1.0]
1684405154.767592 [0.0, 1.0, 0.0, 0.0]
1684405155.76889 [1.0, 0.0, 0.0, 0.0]
1684405156.770218 [0.0, 1.0, 1.0, 0.0]
1684405157.771493 [0.0, 1.0, 2.0, 0.0]
1684405158.772769 [0.0, 0.0, 1.0, 0.0]
1684405159.774018 [1.0, 0.0, 0.0, 1.0]
