Random waveform, supplied seed
Total number of intervals = 134 (7434, 67201, 85927, 63953, 31595, 87879, 7287, 62295, 6561, 22532, 60653, 59076, 60154, 22964, 8172, 27652, 37594, 24367, 33771, 84944, 85666, 51918, 34406, 28664, 38289, 20658, 13840, 93419, 98284, 71313, 42089, 46458, 30755, 42889, 93552, 65694, 29574, 51355, 67361, 16287, 81508, 87619, 99068, 51267, 11822, 97494, 97350, 55460, 85984, 82043, 52873, 13911, 49984, 9274, 27187, 18735, 86505, 93039, 75999, 32324, 84255, 81759, 37291, 53818, 30297, 31569, 38927, 10652, 98119, 48176, 34929, 69735, 20753, 84642, 42333, 61587, 77998, 97625, 23781, 66723, 31016, 47394, 95335, 5252, 65908, 16889, 42912, 99898, 26385, 22616, 50605, 90283, 26273, 48521, 34058, 75648, 19482, 15054, 75754, 5187, 17656, 96343, 36665, 85269, 31525, 61798, 12253, 25710, 79937, 7271, 85861, 91467, 72217, 31080, 76878, 84584, 12492, 57106, 96245, 6791, 90728, 5151, 82969, 42635, 99337, 95192, 69200, 49459, 29055, 64324, 5705, 84816, 23714, 74116)
Average QPS expected = 52006
Timestamp start: 1684445203921
Timestamp end: 1684446004353

#type       avg     std     min      p5     p10     p50     p67     p75     p80     p85     p90     p95     p99    p999   p9999      QPS   target
read      420.5   839.3   173.5   224.4   245.3   354.8   395.8   419.5   435.7   457.5   486.2   543.4  1845.0 11841.1 35433.6   7421.7     7434
read      405.8   330.7   160.7   204.4   215.3   315.5   395.0   453.9   512.5   597.3   710.8   914.8  1365.9  3102.8  9322.0  66831.8    67201
read      317.3   274.7   148.8   202.4   211.4   278.1   321.1   349.5   372.7   404.2   452.2   522.3   777.9  2191.5  9565.7  85956.8    85927
read      429.2   411.0   160.7   210.5   223.7   329.2   404.0   461.2   507.6   573.0   686.1  1024.7  1825.4  3360.7 12261.1  64124.0    63953
read      420.5   422.1   160.7   209.1   222.9   353.1   441.5   499.1   539.2   584.0   639.1   742.9  1338.0  5472.7 11675.1  31602.7    31595
read      341.2   309.4   148.8   202.8   212.1   284.9   336.5   370.7   399.6   440.1   500.1   618.0  1114.6  2933.8  9959.1  87791.2    87879
read      390.6   696.0   173.5   224.5   245.5   349.1   388.4   410.4   427.1   447.0   471.6   517.2   747.1  7310.2 36177.5   7301.7     7287
read      430.0   447.7   160.7   205.3   217.2   327.0   416.7   483.8   543.9   632.5   752.3   964.2  1477.3  5618.6 12850.0  62117.0    62295
read      399.4   830.3   173.5   225.6   248.9   350.5   390.3   411.7   427.5   446.6   470.8   517.0   863.6  8388.0 38977.5   6569.0     6561
read      431.7   745.2   160.7   207.5   221.3   360.8   447.0   504.2   541.3   578.7   620.7   679.3   986.4  9085.7 31850.1  22523.0    22532
read      434.0   633.6   160.7   204.1   215.4   328.2   417.5   483.7   544.7   625.6   726.5   910.9  1412.3  8638.4 30973.4  60653.7    60653
read      418.8   389.9   160.7   204.3   215.3   330.8   419.3   482.5   538.4   615.1   712.0   891.9  1376.5  4273.5 12039.4  59160.5    59076
read      425.8   427.7   160.7   206.2   218.5   330.4   419.4   483.8   540.5   621.6   736.6   943.8  1401.6  4565.3 12722.3  60114.7    60154
read      417.6   563.9   160.7   205.5   217.9   356.7   445.1   501.5   538.1   575.7   617.0   674.2   904.8  7846.0 29196.0  23040.0    22964
read      434.9   884.3   173.5   219.9   237.9   363.9   412.5   436.9   456.4   477.8   505.6   553.2  2020.5 10024.3 32198.0   8159.3     8172
read      424.1   517.9   160.7   206.9   220.2   364.8   448.3   506.3   550.1   595.0   642.4   709.2  1001.3  5838.6 30424.6  27597.5    27652
read      420.6   465.0   160.7   205.5   218.1   362.5   445.1   503.4   549.9   602.4   661.3   739.9  1042.3  4684.1 18078.7  37596.2    37594
read      427.4   626.6   160.7   205.3   217.7   357.4   445.6   505.8   544.7   583.3   625.5   684.7  1094.3  7170.3 30593.3  24363.0    24367
read      422.9   425.4   160.7   205.9   218.7   363.5   451.5   508.9   556.5   609.5   668.3   751.3  1031.2  5013.6 19166.2  33757.8    33771
read      344.9   348.6   160.7   202.6   212.1   285.6   338.2   374.4   405.4   448.5   507.4   629.7  1151.0  3293.0 12539.1  84843.2    84944
read      344.1   314.4   148.8   203.1   213.1   288.1   339.5   373.7   403.1   445.3   505.4   623.5  1120.0  3094.2 14901.2  85535.0    85666
read      392.2   516.1   160.7   202.3   212.0   312.0   394.7   448.6   491.4   545.6   625.5   748.2  1153.4  6305.5 28905.9  51946.8    51918
read      426.6   424.6   160.7   206.0   219.0   364.5   453.7   514.5   565.9   620.2   677.5   762.1  1051.7  5530.8 13799.7  34538.3    34406
read      424.0   431.6   160.7   206.5   219.7   365.5   453.4   514.2   559.4   607.2   659.1   733.2  1006.1  5096.6 12212.9  28673.7    28664
read      431.3   513.4   160.7   206.1   218.8   360.6   450.6   512.7   565.2   623.2   685.3   783.8  1103.3  5834.6 29017.7  38279.3    38289
read      436.7   836.2   160.7   204.8   217.0   356.3   445.9   501.1   534.6   568.4   605.2   656.8  1090.4 11031.1 36989.2  20598.7    20658
read      419.4   680.0   160.7   208.5   221.8   367.5   446.1   485.3   509.8   537.0   569.3   617.7   971.4  7779.8 32119.5  13906.3    13840
read      346.8   304.0   148.8   203.8   213.7   285.9   333.9   367.0   394.9   433.3   494.1   633.6  1416.6  2913.7  9494.0  93329.0    93419
read      305.8   304.3   148.8   201.7   210.5   272.3   312.1   337.6   358.0   384.6   422.9   483.6   613.2  2356.6 14081.0  98211.5    98284
read      347.9   237.1   148.8   202.7   212.3   288.3   345.9   390.1   426.7   473.0   534.5   649.1  1114.2  2554.4  7674.5  71315.8    71313
read      437.3   619.2   160.7   205.9   218.6   356.2   445.9   508.3   561.6   623.5   690.7   795.9  1230.9  7303.0 31304.6  41979.5    42089
read      431.9   498.5   160.7   205.8   218.8   353.3   443.9   505.9   559.1   622.8   695.6   811.4  1232.8  6446.2 19606.9  46260.7    46458
read      425.0   522.2   160.7   206.3   219.2   364.9   452.5   512.2   557.9   606.2   659.0   731.8  1002.5  5958.4 29858.6  30766.3    30755
read      427.8   434.2   160.7   206.2   219.1   356.4   446.9   510.1   562.8   623.2   691.5   796.9  1135.4  5371.0 16003.5  42923.0    42889
read      343.9   338.1   148.8   202.1   211.5   280.7   324.5   355.8   383.5   423.8   484.3   621.3  1436.9  3342.8 11046.6  93766.7    93552
read      402.1   477.2   148.8   203.6   214.0   309.0   389.1   447.2   495.3   558.8   659.1   850.7  1384.5  6045.3 15669.4  65820.8    65694
read      434.0   654.9   148.8   204.7   217.0   360.4   446.5   508.1   554.9   603.0   656.3   734.5  1079.1  8076.4 32425.3  29565.7    29574
read      423.6   483.8   160.7   204.7   216.5   345.8   436.1   499.1   551.5   615.8   690.3   808.8  1202.6  5651.3 21693.1  51349.0    51355
read      418.9   487.5   160.7   204.6   216.5   326.6   411.8   474.6   530.7   607.4   713.5   932.5  1508.0  3456.2 10885.3  67291.7    67361
read      429.1   430.7   160.7   211.8   226.4   381.6   473.3   521.7   551.1   582.9   621.2   676.9   909.6  5787.0 12573.1  16318.3    16287
read      356.6   295.1   148.8   204.4   215.5   291.2   344.4   383.7   418.2   465.4   532.1   686.5  1327.0  2595.1 10171.4  81622.2    81508
read      353.9   328.4   148.8   203.6   213.9   285.0   333.6   370.8   404.0   451.0   517.0   701.8  1429.6  2763.5 12290.8  87530.5    87619
read      299.7   269.8   148.8   199.2   208.6   268.4   305.8   329.8   348.6   373.9   412.9   474.9   593.9  2405.6 11421.0  99112.2    99068
read      409.8   409.8   148.8   203.0   213.7   331.2   420.6   479.9   530.7   598.4   686.4   819.9  1200.7  4134.6 13761.7  51339.5    51267
read      426.9   811.3   160.7   210.8   225.1   365.8   434.1   467.8   490.4   514.3   543.8   591.4  1568.3  9546.3 32121.0  11687.3    11822
read      414.9   434.4   160.7   206.0   218.5   308.5   346.4   372.1   398.5   444.8   553.5  1448.5  1738.1  2991.7 12316.9  97520.2    97494
read      317.5   281.9   148.8   201.9   211.1   277.1   318.2   344.1   365.4   393.0   433.3   502.5   821.3  3858.1  9268.3  97487.7    97350
read      407.8   467.2   148.8   204.1   215.0   314.3   399.5   460.6   508.2   572.5   670.3   848.5  1326.8  7261.7 12397.5  55557.5    55460
read      335.4   241.5   148.8   201.2   210.7   280.3   330.7   367.0   398.2   441.0   499.5   613.9  1105.7  2168.0  7801.0  85812.8    85984
read      332.3   266.5   148.8   199.5   209.2   276.3   325.4   362.7   395.0   438.1   496.8   608.4  1076.9  2027.0  9247.6  82076.3    82043
read      418.5   398.5   160.7   204.2   215.8   338.2   429.1   493.5   548.5   623.2   710.7   851.4  1196.4  5049.2  9432.3  52902.2    52873
read      435.1   814.0   160.7   207.0   220.0   364.0   440.7   478.8   503.1   530.3   562.3   614.9  2112.7 10178.0 35949.1  13940.5    13911
read      412.9   331.3   160.7   202.8   213.9   342.7   434.0   495.4   547.3   612.3   686.7   801.7  1150.4  4084.9 10024.0  50184.0    49984
read      415.8   890.1   160.7   213.1   228.9   356.4   406.7   433.1   451.5   470.5   497.7   539.9  1257.6 10081.3 33459.2   9271.2     9274
read      414.8   428.2   160.7   204.0   216.3   360.2   447.4   505.7   547.3   589.6   636.6   701.3   921.9  5896.0 13781.4  27207.5    27187
read      473.7  1070.4   160.7   204.1   216.4   356.5   448.7   500.1   531.4   563.8   600.3   666.9  2833.5 14863.0 32315.7  18734.2    18735
read      390.1   369.1   160.7   203.2   213.8   295.1   355.7   402.3   447.3   511.9   630.5   931.3  1641.1  3737.0 10701.7  86637.5    86505
read      339.1   295.8   148.8   199.9   209.5   275.2   319.3   350.4   378.6   420.5   481.8   631.1  1448.6  2938.2  9079.4  93261.0    93039
read      361.1   286.9   148.8   204.8   215.8   295.6   352.1   392.4   428.6   477.3   545.2   707.9  1304.7  2782.8  9027.3  76068.5    75999
read      406.5   597.4   160.7   204.0   215.4   340.6   427.1   478.9   515.5   560.3   619.0   698.6   979.6  7778.5 31355.3  32129.5    32324
read      354.0   378.2   160.7   201.9   211.6   284.9   336.7   374.7   409.8   456.9   522.2   689.4  1344.0  3488.8 12655.5  84366.2    84255
read      350.3   325.3   148.8   202.8   212.5   287.0   340.2   378.6   412.8   459.3   522.7   660.3  1245.0  2796.7  9491.4  81875.0    81759
read      417.7   475.6   160.7   204.5   216.7   352.5   440.9   499.1   544.6   599.0   664.5   757.0  1094.7  5570.1 25690.2  37226.8    37291
read      427.9   546.5   160.7   203.7   214.9   336.6   429.1   492.3   547.6   624.1   720.3   883.0  1321.0  5511.6 29421.3  53739.8    53818
read      416.2   400.0   160.7   204.1   216.3   360.0   446.2   506.3   550.8   598.6   650.2   720.9   974.0  5618.4 15325.2  30227.2    30297
read      418.0   547.1   160.7   202.5   214.5   356.9   437.5   496.3   541.2   589.0   640.4   713.7   988.5  6431.1 30742.0  31461.7    31569
read      460.6   597.3   160.7   205.1   217.7   357.1   450.9   517.9   574.0   637.4   713.3   863.8  2336.4  6754.9 29040.5  38952.8    38927
read      439.9   837.7   160.7   212.1   227.4   371.4   433.4   464.1   485.1   507.4   538.1   588.6  2045.2 11142.9 31877.1  10619.7    10652
read      369.8   367.2   148.8   204.6   215.4   294.0   337.1   363.0   385.1   418.9   475.9   739.9  1676.0  2871.6 10268.4  98146.0    98119
read      419.9   436.0   160.7   203.2   213.9   329.3   424.5   486.2   536.7   607.0   696.3   848.8  1350.9  5639.1 13050.2  48049.3    48176
read      432.7   631.1   160.7   202.7   214.2   355.8   440.7   502.2   548.8   601.9   660.7   742.6  1156.5  8633.0 30396.3  34915.7    34929
read      383.3   382.6   160.7   202.5   212.7   299.6   370.4   424.5   470.9   532.4   626.3   824.7  1321.4  3013.8 12840.7  69713.3    69735
read      418.0   571.8   160.7   203.6   215.4   353.7   441.5   497.1   531.5   566.6   605.2   661.2  1225.3  8047.8 30729.8  20712.3    20753
read      359.1   364.4   160.7   201.8   211.6   287.3   339.7   377.8   412.9   461.6   533.8   723.1  1431.0  3300.2 12524.8  84536.2    84642
read      414.5   448.5   160.7   202.6   213.5   341.6   432.8   492.5   541.2   603.9   678.7   787.1  1130.0  5500.8 17463.9  42219.3    42333
read      423.2   538.2   148.8   201.5   212.3   323.4   412.2   478.8   537.9   620.2   725.4   906.8  1374.5  6137.3 27399.6  61564.3    61587
read      354.4   457.2   148.8   200.2   210.1   285.9   342.2   383.8   420.8   470.4   542.2   711.0  1243.9  2961.5  9075.2  77889.2    77998
read      305.3   372.9   148.8   200.2   209.5   271.9   311.3   336.4   356.7   383.3   422.3   484.0   621.3  2373.0  9775.5  97536.5    97625
read      422.8   634.8   160.7   203.7   215.5   350.2   432.8   486.3   524.9   568.5   617.7   688.0  1238.7  7807.0 32186.7  23768.0    23781
read      390.4   364.3   148.8   203.2   213.9   305.2   378.3   434.6   482.8   544.2   639.2   849.7  1381.4  3891.7  9258.1  66710.7    66723
read      415.6   492.6   160.7   202.7   214.2   356.7   440.3   499.5   544.4   592.6   642.1   709.5   994.6  6022.1 28632.9  31073.5    31016
read      419.4   389.4   160.7   202.6   213.6   343.4   437.0   501.4   554.9   621.9   699.9   820.5  1203.8  4702.6 12023.3  47327.2    47394
read      330.7   246.4   148.8   203.1   213.0   284.7   329.6   359.0   382.6   414.2   462.0   546.9  1175.6  2618.5  8827.0  95550.0    95335
read      428.9  1211.7   173.5   231.6   257.3   336.8   367.2   385.4   398.7   416.6   439.7   488.7  2202.8 27989.9 40811.9   5262.3     5252
read      398.1   390.9   148.8   201.8   212.1   305.2   383.8   443.7   494.5   563.2   673.8   880.9  1370.3  4117.9 11729.9  65862.3    65908
read      413.4   712.3   160.7   204.0   215.6   351.3   430.1   474.1   502.0   532.2   567.2   617.9   972.0  8580.1 31850.8  16916.2    16889
read      431.3   579.1   160.7   202.7   214.2   349.3   440.5   501.5   553.5   617.3   687.3   797.2  1209.3  7434.4 30334.6  43021.2    42912
read      354.6   387.5   160.7   203.1   213.0   285.0   324.1   349.2   371.8   404.8   463.7   631.3  1628.2  3138.2 13097.7  99813.0    99898
read      413.6   571.1   160.7   202.9   214.2   350.3   431.6   484.3   523.6   568.4   620.4   688.1   960.4  8347.5 30160.2  26260.7    26385
read      419.2   527.4   160.7   204.4   216.9   360.6   450.1   507.6   545.0   583.5   626.4   686.0   904.5  6696.0 27242.0  22591.3    22616
read      429.0   531.2   160.7   202.2   213.4   338.4   433.6   500.5   558.3   630.8   716.7   858.4  1263.8  7166.3 28514.6  50761.5    50605
read      346.5   278.7   148.8   204.7   216.0   289.9   336.2   366.3   392.3   429.4   487.0   592.9  1474.2  2764.8  9233.3  90419.5    90283
read      420.2   566.0   160.7   206.2   219.9   359.4   446.1   499.6   537.9   581.9   634.7   708.1   980.1  7037.2 23168.3  26389.2    26273
read      429.5   539.7   148.8   204.4   216.3   343.8   438.9   505.4   563.0   633.6   718.8   862.1  1211.7  4919.7 30501.8  48578.2    48521
read      416.4   472.4   148.8   202.7   214.5   356.4   440.1   499.7   546.6   598.3   653.5   727.3   966.5  5681.5 20026.8  34118.8    34058
read      361.9   391.3   148.8   201.9   211.7   288.8   344.5   387.9   425.9   476.1   547.0   720.0  1322.0  4185.7 12631.5  75356.0    75648
read      413.3   638.2   160.7   203.2   214.7   348.6   433.3   482.6   515.0   548.6   585.7   636.8  1037.3  7575.8 31552.1  19415.0    19482
read      457.4  1003.7   160.7   204.7   217.1   364.4   446.5   487.4   512.9   539.4   572.5   627.3  2816.3 15125.5 40089.0  15058.0    15054
read      358.3   268.5   148.8   202.4   212.2   291.5   348.4   390.5   426.5   475.8   548.1   722.6  1266.9  2455.0  9193.1  75663.5    75754
read      396.8   752.0   173.5   231.4   256.3   335.0   364.6   382.4   396.5   414.1   437.0   485.9  1963.8  8084.8 32454.7   5240.3     5187
read      423.7   684.2   160.7   206.9   220.5   359.3   444.8   493.6   524.5   555.8   590.3   640.4   999.7  9409.2 31387.1  17679.8    17656
read      338.8   388.4   160.7   201.5   211.2   281.9   327.7   357.6   381.6   415.1   465.3   562.4  1386.9  4140.8 11000.9  96420.8    96343
read      413.0   433.0   148.8   203.4   214.8   344.7   436.7   495.4   541.0   598.5   668.6   765.5  1106.9  5240.6 13402.6  36763.0    36665
read      348.8   304.7   148.8   203.0   212.7   287.7   339.7   374.9   405.6   449.1   510.3   646.3  1256.3  2932.8  9926.8  85291.8    85269
read      435.1   630.3   160.7   203.9   216.0   362.5   450.2   510.2   556.1   607.6   663.8   741.2  1071.5  8739.9 30137.4  31372.0    31525
read      422.1   460.1   160.7   201.4   211.9   319.5   413.0   479.8   541.0   627.7   741.0   943.2  1406.1  4569.9 15991.7  61925.8    61798
read      418.2   648.7   160.7   209.6   224.1   371.7   438.6   471.5   493.1   516.2   544.4   590.0  1107.1  7959.0 31347.1  12214.5    12253
read      401.1   248.2   160.7   208.0   222.6   366.2   446.3   497.1   532.8   570.8   613.7   671.7   806.5  3179.9  8741.5  25749.2    25710
read      378.5   356.3   160.7   206.3   218.9   314.4   379.4   423.9   462.0   512.2   585.2   713.8  1129.3  3997.6 10975.8  79916.3    79937
read      381.1   351.1   173.5   235.0   257.6   357.3   389.0   405.9   421.3   436.8   462.0   503.6   650.5  5833.2 12479.7   7279.0     7271
read      305.8   167.9   148.8   199.9   209.9   278.1   321.0   348.3   370.1   397.7   435.2   489.8   589.9  1366.3  7342.2  85722.5    85861
read      301.2   160.1   148.8   199.3   209.2   273.8   315.8   342.4   363.9   390.8   427.6   481.9   583.2  1201.5  7230.0  91561.8    91467
read      311.9   141.3   148.8   200.3   210.5   280.2   328.4   361.3   387.8   421.9   463.3   514.3   607.3  1002.7  4851.4  72179.0    72217
read      349.6   223.0   160.7   204.4   216.2   312.2   398.3   439.9   464.3   489.6   517.5   556.4   637.4  1489.4 10087.0  31092.8    31080
read      311.0   165.1   148.8   200.9   210.9   280.1   326.3   357.6   382.3   414.7   457.2   510.9   604.8  1204.1  7217.1  76908.3    76878
read      307.4   179.6   148.8   200.8   210.6   278.8   322.9   351.8   373.8   402.5   441.7   496.0   589.6  1053.5  8088.4  84456.2    84584
read      370.0   375.3   160.7   217.0   231.3   358.9   398.9   419.2   432.5   450.0   469.9   505.5   588.9  5725.7 17249.4  12492.3    12492
read      329.6   171.1   160.7   203.6   214.3   296.7   353.4   389.7   417.8   451.3   489.5   539.4   637.2  1342.1  6755.6  57151.2    57106
read      301.1   141.4   148.8   200.9   210.5   275.9   317.4   343.0   363.5   388.8   423.1   472.1   568.6  1121.3  4709.4  96504.5    96245
read      357.1   314.1   173.5   231.2   252.5   339.7   367.0   382.8   394.6   407.9   429.4   464.0   572.5  5302.1 12655.3   6815.2     6791
read      304.6   158.9   148.8   200.5   210.3   278.6   321.6   348.2   369.0   395.1   430.7   483.8   583.8  1150.7  7783.0  90224.8    90728
read      360.6   458.8   173.5   238.8   262.2   330.5   353.7   367.2   376.5   390.9   406.3   449.1   590.4  8650.6 15834.0   5143.0     5151
read      307.7   163.4   148.8   199.6   209.9   279.6   324.6   353.1   374.6   402.6   441.0   495.4   591.6  1354.9  5766.9  82930.2    82969
read      335.3   198.7   148.8   201.4   212.0   296.1   364.6   410.8   442.8   474.3   507.5   549.0   632.4  1262.6  9514.1  42564.0    42635
read      295.8   158.2   148.8   197.8   207.9   271.8   311.8   336.7   355.9   379.8   412.6   461.6   555.1   917.2  7860.1  99256.8    99337
read      301.0   169.1   148.8   199.1   209.2   274.3   316.5   342.3   362.8   388.1   422.4   473.1   574.8  1395.5  8345.9  95315.0    95192
read      316.7   179.7   148.8   200.2   210.4   282.7   333.0   367.0   395.0   431.7   475.7   530.1   620.4  1102.0  7910.5  69078.2    69200
read      331.3   186.9   148.8   201.2   211.6   291.8   355.3   399.7   433.3   468.7   505.0   549.6   639.2  1237.8  7970.6  49463.0    49459
read      346.3   197.6   160.7   203.7   215.3   313.6   394.7   433.4   456.6   480.9   507.3   545.0   627.9  1353.6  8118.9  29004.8    29055
read      313.7   155.1   148.8   197.6   208.1   278.1   329.5   365.6   394.9   431.6   474.4   526.7   615.8  1331.4  6758.0  64504.8    64324
read      359.5   375.1   173.5   238.2   262.1   335.4   360.0   372.7   384.9   398.3   419.6   459.9   593.5  6157.9 14599.9   5694.7     5705
read      307.7   164.7   148.8   199.5   209.8   280.1   325.1   353.4   374.5   402.4   440.3   494.7   592.4  1191.4  7720.8  84931.2    84816
read      352.7   236.8   160.7   206.5   219.6   331.3   405.3   435.7   455.7   476.6   501.4   538.6   616.7  1353.2 10714.0  23649.7    23714
read      311.3   146.5   148.8   201.0   210.9   279.5   327.1   360.0   386.9   421.5   463.5   515.8   604.5   856.2  5228.3  24650.0    74116

Total QPS = 51891.0 (41512784 / 800.0s)

Total connections = 64
Misses = 0 (0.0%)
Skipped TXs = 0 (0.0%)

RX 10253657154 bytes :   12.2 MB/s
TX          0 bytes :    0.0 MB/s
Warning! Detected max cpu usage > 95%
CPU Usage Stats (avg/min/max): 99.94%,47.98%,100.00%
