#type       avg     std     min      p5     p10     p50     p67     p75     p80     p85     p90     p95     p99    p999   p9999     QPS   target
read      405.9   399.4   160.7   204.9   219.7   357.4   441.9   491.0   526.6   566.1   609.0   664.5   840.8  4435.8 14373.9  29715.8    30000
read      394.7   472.9   160.7   203.2   216.5   336.2   411.7   461.4   498.6   542.6   591.0   649.2   794.9  5691.1 16188.8  34945.4    35000
read      410.9   434.7   160.7   205.0   220.2   361.3   435.3   482.4   520.7   566.2   618.1   680.7   851.6  5344.2 17855.9  39979.4    40000
read      414.9   495.8   160.7   204.3   219.0   364.6   437.6   484.4   523.6   573.3   629.5   693.5   877.0  5112.0 28574.7  44762.0    45000
read      410.8   369.3   148.8   206.5   222.0   372.8   446.8   489.6   524.3   569.0   625.2   695.0   849.7  4814.6 12584.5  50077.8    50000
read      407.6   361.4   148.8   204.8   220.2   364.6   437.0   478.8   511.0   554.5   613.4   689.7   860.0  5565.5 10069.9  54892.4    55000
read      397.7   407.5   148.8   203.9   218.6   352.6   421.6   462.3   494.9   537.1   594.2   676.1   845.7  4969.9 17783.2  59895.4    60000
read      415.0   359.6   160.7   207.0   223.8   381.2   460.4   500.6   530.3   566.1   614.7   687.4   852.7  4623.2 12237.3  65020.3    65000
read      394.8   364.8   148.8   203.7   218.5   355.7   427.2   467.8   498.6   535.5   586.2   667.6   831.7  4580.6 10410.3  69698.8    70000
read      399.2   356.0   160.7   205.0   220.5   361.7   434.8   474.3   503.9   539.9   588.5   666.8   835.9  4571.7 10602.8  75147.0    75000
read      385.2   292.2   160.7   204.6   219.5   352.1   420.0   458.1   486.3   520.9   568.1   643.3   796.4  4194.2  7868.3  79885.1    80000
read      407.5   424.1   148.8   207.7   224.7   367.7   436.9   476.2   506.5   543.8   593.2   676.7   875.9  5164.1 24006.4  85162.2    85000
read      405.4   391.4   148.8   208.7   226.6   368.3   435.1   475.9   506.7   543.1   591.5   671.4   860.8  5438.0 12129.5  89862.2    90000
read      441.9   355.7   160.7   216.4   237.3   396.7   468.3   511.8   548.0   596.4   674.6   803.3  1006.7  4310.5 11341.8  94967.7    95000
read      547.1   362.0   160.7   266.4   308.1   493.9   587.0   654.8   704.7   763.0   837.3   939.2  1094.7  5160.5 12363.7  99390.4   100000
read      468.2   365.7   148.8   232.5   261.1   423.5   500.1   548.5   588.2   636.4   701.2   812.2  1004.2  4352.3 13807.9 104732.2   105000
read      616.6   432.8   160.7   351.5   379.2   546.4   725.5   777.3   808.4   842.7   879.2   933.7  1068.6  4726.6 17143.4 103266.6   110000
Warning! Detected max cpu usage > 95%
CPU Usage Stats (avg/min/max): 89.85%,69.85%,100.00%