#type       avg     std     min      p5     p10     p50     p67     p75     p80     p85     p90     p95     p99    p999   p9999     QPS   target
read      417.2   524.2   160.7   205.1   220.5   363.4   447.6   496.7   532.3   571.2   614.7   672.1   859.3  5874.5 30418.6  29984.2    30000
read      422.3   439.5   148.8   207.9   224.7   378.6   454.8   500.8   537.2   579.4   627.7   689.5   904.8  5108.7 19847.2  34854.4    35000
read      424.1   535.2   148.8   206.5   222.3   377.6   455.0   500.0   535.9   578.5   627.3   688.2   837.7  6330.2 27863.7  40059.8    40000
read      422.9   517.5   160.7   205.7   221.1   370.5   449.2   494.5   531.0   576.4   630.2   698.9   891.0  7167.6 24891.2  44850.2    45000
read      415.5   364.2   148.8   206.5   222.5   377.3   454.9   498.9   533.6   576.5   630.4   699.6   871.4  4663.4 12598.6  49989.2    50000
read      407.8   381.9   148.8   204.5   220.1   370.5   445.1   486.3   517.7   559.5   614.5   683.2   817.0  4746.5 12715.9  54926.0    55000
read      409.2   412.9   148.8   204.6   220.2   363.5   436.1   478.0   509.1   550.6   607.8   684.8   861.5  5082.0 11659.8  60082.2    60000
read      407.5   365.9   148.8   204.8   220.4   367.7   443.3   484.6   514.2   551.9   605.8   684.0   856.4  4650.5  9878.0  64912.1    65000
read      403.6   391.9   148.8   204.7   220.5   363.9   438.1   479.2   508.4   545.8   595.6   673.0   840.1  5228.5 12660.1  70018.8    70000
read      392.7   335.0   148.8   204.8   220.2   358.9   430.6   470.2   499.5   534.0   580.1   655.5   804.6  3978.3 11439.5  75037.2    75000
read      399.3   372.6   160.7   205.1   220.9   360.8   431.5   470.2   499.8   536.2   585.1   664.5   837.6  4936.9 11237.5  80145.2    80000
read      390.8   294.3   148.8   207.1   223.0   356.9   424.3   462.8   491.9   527.8   576.6   655.6   843.2  3725.4  9559.1  84963.4    85000
read      403.8   394.4   160.7   207.9   224.8   364.8   430.5   469.0   499.1   537.1   588.5   676.0   876.9  5388.0 12947.6  89631.1    90000
read      426.5   409.6   148.8   215.8   236.3   384.2   454.1   496.7   529.8   571.0   625.9   712.0   907.6  5306.3 13104.2  95270.6    95000
read      481.8   366.3   160.7   241.6   273.3   437.9   522.7   573.2   611.3   657.6   717.0   802.3  1001.4  4684.9 12835.7 100009.1   100000
read      453.5   364.0   160.7   234.9   262.8   411.3   487.9   536.9   572.7   614.0   666.2   741.4   892.1  4890.1 15600.8 104884.8   105000
read      598.0   354.3   148.8   336.3   363.1   571.1   709.9   751.7   779.5   807.2   845.3   896.3  1013.2  4069.4 12052.4 105465.4   110000
Warning! Detected max cpu usage > 95%
CPU Usage Stats (avg/min/max): 89.91%,70.35%,100.00%