#type       avg     std     min      p5     p10     p50     p67     p75     p80     p85     p90     p95     p99    p999   p9999     QPS   target
read      416.9   447.1   148.8   207.1   223.9   373.3   449.6   496.0   530.9   569.9   612.7   667.6   805.6  5246.9 18288.1  29923.8    30000
read      399.4   426.2   160.7   202.8   216.6   350.2   426.1   475.3   511.7   555.2   604.5   669.1   825.3  4630.2 28086.0  35106.4    35000
read      407.6   513.1   160.7   203.2   217.1   358.1   432.2   478.9   515.9   560.8   612.0   675.2   821.4  5692.3 24738.3  39909.6    40000
read      406.5   448.5   148.8   203.4   217.4   355.1   431.2   479.1   517.8   564.5   620.4   689.4   859.5  5272.4 16063.8  45027.6    45000
read      412.9   517.7   148.8   204.5   219.3   361.4   434.0   478.4   513.2   559.5   618.2   690.1   846.0  6712.4 30552.6  49829.6    50000
read      405.0   437.5   160.7   203.9   218.2   355.1   424.4   466.9   502.4   548.2   609.5   687.7   872.2  6023.2 12170.4  54906.8    55000
read      421.2   404.9   148.8   205.8   221.7   377.7   456.9   497.7   529.5   570.0   623.1   698.4   914.8  5505.6 11738.8  59978.2    60000
read      406.9   359.0   160.7   204.3   219.8   367.7   444.2   485.2   515.0   552.8   605.0   681.8   873.1  4369.7 13759.2  64983.4    65000
read      401.2   397.1   148.8   203.6   218.7   362.0   438.2   479.9   509.2   545.7   593.1   672.0   845.7  4997.0 13965.8  69849.8    70000
read      394.7   329.4   148.8   204.7   219.9   358.7   431.2   470.5   500.2   536.1   583.4   659.3   819.0  4319.2  9284.5  74755.4    75000
read      399.6   370.7   148.8   205.2   221.0   361.8   432.9   472.3   500.9   535.4   581.9   661.1   856.5  4829.3 13923.9  80194.7    80000
read      420.7   379.2   148.8   207.9   225.8   376.4   449.4   492.4   525.1   565.3   620.2   715.3  1057.5  5394.3  9717.0  84823.2    85000
read      384.0   305.1   148.8   206.4   222.1   351.5   414.4   452.0   479.5   513.6   560.3   633.6   795.8  4021.6 10646.2  90082.4    90000
read      397.9   341.7   160.7   210.2   227.9   364.1   428.8   466.5   495.6   531.2   577.8   650.3   831.7  4285.6  9933.3  95051.6    95000
read      437.1   365.6   148.8   215.9   236.8   390.2   460.0   504.2   542.4   592.9   666.0   780.5   983.6  5190.2 10095.2  99662.0   100000
read      489.3   430.2   160.7   244.9   277.6   434.7   532.4   590.8   629.8   673.0   723.3   793.4   942.3  6164.1 14645.7 105006.0   105000
read      603.2   370.6   160.7   341.0   368.7   558.4   707.2   753.9   784.0   815.8   855.7   914.8  1048.9  4649.3 12836.9 104968.0   110000
Warning! Detected max cpu usage > 95%
CPU Usage Stats (avg/min/max): 90.05%,63.32%,100.00%